0.39697	2.0252E+00
0.39719	2.1035E+00
0.39741	2.1090E+00
0.39762	2.1059E+00
0.39784	2.0986E+00
0.39806	2.0950E+00
0.39827	2.0906E+00
0.39849	2.0866E+00
0.39871	2.0887E+00
0.39893	2.0823E+00
0.39914	2.0768E+00
0.39936	2.0722E+00
0.39958	2.0675E+00
0.39980	2.0629E+00
0.40001	2.0607E+00
0.40023	2.0595E+00
0.40045	2.0574E+00
0.40066	2.0552E+00
0.40088	2.0531E+00
0.40110	2.0510E+00
0.40132	2.0497E+00
0.40153	2.0493E+00
0.40175	2.0497E+00
0.40197	2.0502E+00
0.40219	2.0506E+00
0.40240	2.0527E+00
0.40262	2.0540E+00
0.40284	2.0552E+00
0.40306	2.0565E+00
0.40327	2.0578E+00
0.40349	2.0590E+00
0.40371	2.0612E+00
0.40393	2.0633E+00
0.40414	2.0654E+00
0.40436	2.0684E+00
0.40458	2.0713E+00
0.40480	2.0743E+00
0.40501	2.0756E+00
0.40523	2.0777E+00
0.40545	2.0798E+00
0.40567	2.0811E+00
0.40589	2.0840E+00
0.40610	2.0870E+00
0.40632	2.0899E+00
0.40654	2.0938E+00
0.40676	2.0976E+00
0.40697	2.1005E+00
0.40719	2.1035E+00
0.40741	2.1073E+00
0.40763	2.1111E+00
0.40785	2.1149E+00
0.40806	2.1187E+00
0.40828	2.1234E+00
0.40850	2.1272E+00
0.40872	2.1310E+00
0.40894	2.1357E+00
0.40915	2.1386E+00
0.40937	2.1424E+00
0.40959	2.1462E+00
0.40981	2.1500E+00
0.41002	2.1539E+00
0.41024	2.1585E+00
0.41046	2.1632E+00
0.41068	2.1678E+00
0.41090	2.1716E+00
0.41111	2.1763E+00
0.41133	2.1809E+00
0.41155	2.1856E+00
0.41177	2.1911E+00
0.41199	2.1966E+00
0.41221	2.2021E+00
0.41242	2.2076E+00
0.41264	2.2131E+00
0.41286	2.2186E+00
0.41308	2.2233E+00
0.41330	2.2279E+00
0.41351	2.2326E+00
0.41373	2.2372E+00
0.41395	2.2411E+00
0.41417	2.2457E+00
0.41439	2.2487E+00
0.41461	2.2525E+00
0.41482	2.2554E+00
0.41504	2.2584E+00
0.41526	2.2614E+00
0.41548	2.2643E+00
0.41570	2.2681E+00
0.41592	2.2720E+00
0.41613	2.2758E+00
0.41635	2.2796E+00
0.41657	2.2834E+00
0.41679	2.2872E+00
0.41701	2.2910E+00
0.41723	2.2948E+00
0.41745	2.2986E+00
0.41766	2.3033E+00
0.41788	2.3062E+00
0.41810	2.3092E+00
0.41832	2.3122E+00
0.41854	2.3151E+00
0.41876	2.3181E+00
0.41897	2.3202E+00
0.41919	2.3232E+00
0.41941	2.3261E+00
0.41963	2.3291E+00
0.41985	2.3321E+00
0.42007	2.3359E+00
0.42029	2.3388E+00
0.42051	2.3426E+00
0.42072	2.3456E+00
0.42094	2.3486E+00
0.42116	2.3524E+00
0.42138	2.3570E+00
0.42160	2.3617E+00
0.42182	2.3655E+00
0.42204	2.3693E+00
0.42226	2.3740E+00
0.42247	2.3769E+00
0.42269	2.3799E+00
0.42291	2.3837E+00
0.42313	2.3875E+00
0.42335	2.3905E+00
0.42357	2.3934E+00
0.42379	2.3964E+00
0.42401	2.4002E+00
0.42423	2.4040E+00
0.42444	2.4078E+00
0.42466	2.4108E+00
0.42488	2.4138E+00
0.42510	2.4167E+00
0.42532	2.4197E+00
0.42554	2.4226E+00
0.42576	2.4265E+00
0.42598	2.4294E+00
0.42620	2.4324E+00
0.42642	2.4345E+00
0.42663	2.4366E+00
0.42685	2.4387E+00
0.42707	2.4408E+00
0.42729	2.4421E+00
0.42751	2.4434E+00
0.42773	2.4447E+00
0.42795	2.4468E+00
0.42817	2.4489E+00
0.42839	2.4510E+00
0.42861	2.4531E+00
0.42883	2.4552E+00
0.42905	2.4565E+00
0.42927	2.4586E+00
0.42948	2.4599E+00
0.42970	2.4620E+00
0.42992	2.4641E+00
0.43014	2.4662E+00
0.43036	2.4684E+00
0.43058	2.4713E+00
0.43080	2.4734E+00
0.43102	2.4747E+00
0.43124	2.4760E+00
0.43146	2.4772E+00
0.43168	2.4794E+00
0.43190	2.4806E+00
0.43212	2.4819E+00
0.43234	2.4832E+00
0.43256	2.4836E+00
0.43278	2.4849E+00
0.43300	2.4853E+00
0.43321	2.4857E+00
0.43343	2.4870E+00
0.43365	2.4874E+00
0.43387	2.4870E+00
0.43409	2.4874E+00
0.43431	2.4878E+00
0.43453	2.4874E+00
0.43475	2.4861E+00
0.43497	2.4849E+00
0.43519	2.4836E+00
0.43541	2.4815E+00
0.43563	2.4802E+00
0.43585	2.4789E+00
0.43607	2.4777E+00
0.43629	2.4756E+00
0.43651	2.4734E+00
0.43673	2.4705E+00
0.43695	2.4675E+00
0.43717	2.4645E+00
0.43739	2.4616E+00
0.43761	2.4586E+00
0.43783	2.4565E+00
0.43805	2.4544E+00
0.43827	2.4506E+00
0.43849	2.4476E+00
0.43871	2.4447E+00
0.43893	2.4408E+00
0.43915	2.4379E+00
0.43937	2.4349E+00
0.43959	2.4328E+00
0.43981	2.4307E+00
0.44003	2.4286E+00
0.44025	2.4265E+00
0.44047	2.4252E+00
0.44069	2.4231E+00
0.44091	2.4209E+00
0.44113	2.4180E+00
0.44135	2.4150E+00
0.44157	2.4129E+00
0.44179	2.4099E+00
0.44201	2.4070E+00
0.44223	2.4040E+00
0.44245	2.4002E+00
0.44267	2.3956E+00
0.44289	2.3909E+00
0.44311	2.3854E+00
0.44333	2.3799E+00
0.44355	2.3752E+00
0.44377	2.3697E+00
0.44399	2.3642E+00
0.44421	2.3579E+00
0.44443	2.3515E+00
0.44465	2.3452E+00
0.44487	2.3397E+00
0.44509	2.3342E+00
0.44531	2.3287E+00
0.44553	2.3232E+00
0.44575	2.3177E+00
0.44597	2.3130E+00
0.44619	2.3084E+00
0.44641	2.3037E+00
0.44663	2.2990E+00
0.44685	2.2935E+00
0.44707	2.2872E+00
0.44729	2.2825E+00
0.44752	2.2787E+00
0.44774	2.2749E+00
0.44796	2.2711E+00
0.44818	2.2673E+00
0.44840	2.2635E+00
0.44862	2.2605E+00
0.44884	2.2584E+00
0.44906	2.2563E+00
0.44928	2.2525E+00
0.44950	2.2487E+00
0.44972	2.2449E+00
0.44994	2.2411E+00
0.45016	2.2389E+00
0.45038	2.2368E+00
0.45060	2.2330E+00
0.45082	2.2292E+00
0.45104	2.2254E+00
0.45127	2.2233E+00
0.45149	2.2203E+00
0.45171	2.2174E+00
0.45193	2.2135E+00
0.45215	2.2089E+00
0.45237	2.2042E+00
0.45259	2.2004E+00
0.45281	2.1966E+00
0.45303	2.1928E+00
0.45325	2.1890E+00
0.45347	2.1852E+00
0.45369	2.1822E+00
0.45391	2.1776E+00
0.45414	2.1729E+00
0.45436	2.1699E+00
0.45458	2.1653E+00
0.45480	2.1606E+00
0.45502	2.1560E+00
0.45524	2.1513E+00
0.45546	2.1467E+00
0.45568	2.1420E+00
0.45590	2.1382E+00
0.45612	2.1344E+00
0.45635	2.1323E+00
0.45657	2.1302E+00
0.45679	2.1263E+00
0.45701	2.1225E+00
0.45723	2.1213E+00
0.45745	2.1200E+00
0.45767	2.1170E+00
0.45789	2.1132E+00
0.45811	2.1111E+00
0.45834	2.1090E+00
0.45856	2.1069E+00
0.45878	2.1056E+00
0.45900	2.1043E+00
0.45922	2.1022E+00
0.45944	2.0993E+00
0.45966	2.0963E+00
0.45988	2.0933E+00
0.46010	2.0895E+00
0.46033	2.0857E+00
0.46055	2.0811E+00
0.46077	2.0772E+00
0.46099	2.0734E+00
0.46121	2.0705E+00
0.46143	2.0658E+00
0.46165	2.0620E+00
0.46188	2.0582E+00
0.46210	2.0535E+00
0.46232	2.0480E+00
0.46254	2.0425E+00
0.46276	2.0387E+00
0.46298	2.0332E+00
0.46320	2.0269E+00
0.46343	2.0214E+00
0.46365	2.0159E+00
0.46387	2.0112E+00
0.46409	2.0057E+00
0.46431	2.0011E+00
0.46453	1.9964E+00
0.46475	1.9917E+00
0.46498	1.9854E+00
0.46520	1.9790E+00
0.46542	1.9735E+00
0.46564	1.9680E+00
0.46586	1.9625E+00
0.46608	1.9570E+00
0.46631	1.9515E+00
0.46653	1.9460E+00
0.46675	1.9405E+00
0.46697	1.9359E+00
0.46719	1.9295E+00
0.46741	1.9232E+00
0.46764	1.9168E+00
0.46786	1.9105E+00
0.46808	1.9033E+00
0.46830	1.8978E+00
0.46852	1.8923E+00
0.46875	1.8851E+00
0.46897	1.8779E+00
0.46919	1.8715E+00
0.46941	1.8643E+00
0.46963	1.8563E+00
0.46985	1.8499E+00
0.47008	1.8436E+00
0.47030	1.8356E+00
0.47052	1.8292E+00
0.47074	1.8229E+00
0.47096	1.8148E+00
0.47119	1.8076E+00
0.47141	1.8004E+00
0.47163	1.7932E+00
0.47185	1.7852E+00
0.47207	1.7780E+00
0.47230	1.7725E+00
0.47252	1.7653E+00
0.47274	1.7572E+00
0.47296	1.7509E+00
0.47318	1.7429E+00
0.47341	1.7348E+00
0.47363	1.7285E+00
0.47385	1.7204E+00
0.47407	1.7132E+00
0.47430	1.7060E+00
0.47452	1.6971E+00
0.47474	1.6899E+00
0.47496	1.6811E+00
0.47518	1.6739E+00
0.47541	1.6658E+00
0.47563	1.6578E+00
0.47585	1.6497E+00
0.47607	1.6425E+00
0.47630	1.6345E+00
0.47652	1.6273E+00
0.47674	1.6201E+00
0.47696	1.6121E+00
0.47718	1.6040E+00
0.47741	1.5951E+00
0.47763	1.5871E+00
0.47785	1.5799E+00
0.47807	1.5718E+00
0.47830	1.5647E+00
0.47852	1.5566E+00
0.47874	1.5494E+00
0.47896	1.5405E+00
0.47919	1.5333E+00
0.47941	1.5253E+00
0.47963	1.5172E+00
0.47985	1.5092E+00
0.48008	1.5012E+00
0.48030	1.4931E+00
0.48052	1.4859E+00
0.48074	1.4787E+00
0.48097	1.4715E+00
0.48119	1.4643E+00
0.48141	1.4571E+00
0.48163	1.4491E+00
0.48186	1.4419E+00
0.48208	1.4347E+00
0.48230	1.4275E+00
0.48253	1.4203E+00
0.48275	1.4131E+00
0.48297	1.4059E+00
0.48319	1.3996E+00
0.48342	1.3924E+00
0.48364	1.3860E+00
0.48386	1.3788E+00
0.48408	1.3716E+00
0.48431	1.3653E+00
0.48453	1.3581E+00
0.48475	1.3509E+00
0.48498	1.3454E+00
0.48520	1.3382E+00
0.48542	1.3318E+00
0.48564	1.3263E+00
0.48587	1.3191E+00
0.48609	1.3136E+00
0.48631	1.3081E+00
0.48654	1.3009E+00
0.48676	1.2954E+00
0.48698	1.2891E+00
0.48720	1.2836E+00
0.48743	1.2781E+00
0.48765	1.2717E+00
0.48787	1.2662E+00
0.48810	1.2607E+00
0.48832	1.2544E+00
0.48854	1.2489E+00
0.48877	1.2425E+00
0.48899	1.2362E+00
0.48921	1.2307E+00
0.48943	1.2243E+00
0.48966	1.2180E+00
0.48988	1.2133E+00
0.49010	1.2078E+00
0.49033	1.2015E+00
0.49055	1.1960E+00
0.49077	1.1905E+00
0.49100	1.1850E+00
0.49122	1.1795E+00
0.49144	1.1740E+00
0.49167	1.1685E+00
0.49189	1.1638E+00
0.49211	1.1583E+00
0.49234	1.1536E+00
0.49256	1.1490E+00
0.49278	1.1443E+00
0.49301	1.1397E+00
0.49323	1.1342E+00
0.49345	1.1287E+00
0.49368	1.1249E+00
0.49390	1.1202E+00
0.49412	1.1156E+00
0.49435	1.1109E+00
0.49457	1.1062E+00
0.49479	1.1016E+00
0.49502	1.0978E+00
0.49524	1.0931E+00
0.49546	1.0893E+00
0.49569	1.0847E+00
0.49591	1.0800E+00
0.49613	1.0753E+00
0.49636	1.0715E+00
0.49658	1.0677E+00
0.49680	1.0639E+00
0.49703	1.0593E+00
0.49725	1.0546E+00
0.49748	1.0499E+00
0.49770	1.0461E+00
0.49792	1.0423E+00
0.49815	1.0385E+00
0.49837	1.0339E+00
0.49859	1.0300E+00
0.49882	1.0262E+00
0.49904	1.0224E+00
0.49926	1.0186E+00
0.49949	1.0148E+00
0.49971	1.0110E+00
0.49994	1.0072E+00
0.50016	1.0034E+00
0.50038	9.9957E-01
0.50061	9.9661E-01
0.50083	9.9365E-01
0.50105	9.8984E-01
0.50128	9.8603E-01
0.50150	9.8307E-01
0.50173	9.8010E-01
0.50195	9.7629E-01
0.50217	9.7248E-01
0.50240	9.6952E-01
0.50262	9.6656E-01
0.50285	9.6359E-01
0.50307	9.6063E-01
0.50329	9.5767E-01
0.50352	9.5471E-01
0.50374	9.5259E-01
0.50397	9.4963E-01
0.50419	9.4666E-01
0.50441	9.4370E-01
0.50464	9.4158E-01
0.50486	9.3862E-01
0.50509	9.3566E-01
0.50531	9.3354E-01
0.50553	9.3142E-01
0.50576	9.2846E-01
0.50598	9.2550E-01
0.50621	9.2338E-01
0.50643	9.2042E-01
0.50665	9.1746E-01
0.50688	9.1534E-01
0.50710	9.1238E-01
0.50733	9.0941E-01
0.50755	9.0730E-01
0.50778	9.0518E-01
0.50800	9.0222E-01
0.50822	8.9926E-01
0.50845	8.9714E-01
0.50867	8.9418E-01
0.50890	8.9206E-01
0.50912	8.8994E-01
0.50934	8.8783E-01
0.50957	8.8571E-01
0.50979	8.8359E-01
0.51002	8.8148E-01
0.51024	8.7936E-01
0.51047	8.7725E-01
0.51069	8.7513E-01
0.51092	8.7301E-01
0.51114	8.7090E-01
0.51136	8.6878E-01
0.51159	8.6666E-01
0.51181	8.6455E-01
0.51204	8.6243E-01
0.51226	8.6031E-01
0.51249	8.5820E-01
0.51271	8.5693E-01
0.51294	8.5481E-01
0.51316	8.5269E-01
0.51338	8.5142E-01
0.51361	8.4931E-01
0.51383	8.4719E-01
0.51406	8.4592E-01
0.51428	8.4381E-01
0.51451	8.4254E-01
0.51473	8.4127E-01
0.51496	8.4000E-01
0.51518	8.3873E-01
0.51541	8.3746E-01
0.51563	8.3619E-01
0.51586	8.3492E-01
0.51608	8.3280E-01
0.51630	8.3153E-01
0.51653	8.3026E-01
0.51675	8.2899E-01
0.51698	8.2772E-01
0.51720	8.2730E-01
0.51743	8.2603E-01
0.51765	8.2560E-01
0.51788	8.2433E-01
0.51810	8.2391E-01
0.51833	8.2349E-01
0.51855	8.2222E-01
0.51878	8.2180E-01
0.51900	8.2053E-01
0.51923	8.2010E-01
0.51945	8.1968E-01
0.51968	8.1841E-01
0.51990	8.1799E-01
0.52013	8.1756E-01
0.52035	8.1714E-01
0.52058	8.1587E-01
0.52080	8.1545E-01
0.52103	8.1418E-01
0.52125	8.1375E-01
0.52148	8.1248E-01
0.52170	8.1206E-01
0.52193	8.1164E-01
0.52215	8.1121E-01
0.52238	8.1079E-01
0.52260	8.1037E-01
0.52283	8.0994E-01
0.52305	8.1037E-01
0.52328	8.0994E-01
0.52350	8.0867E-01
0.52373	8.0825E-01
0.52395	8.0783E-01
0.52418	8.0740E-01
0.52440	8.0698E-01
0.52463	8.0656E-01
0.52485	8.0613E-01
0.52508	8.0571E-01
0.52530	8.0529E-01
0.52553	8.0486E-01
0.52575	8.0444E-01
0.52598	8.0402E-01
0.52621	8.0359E-01
0.52643	8.0317E-01
0.52666	8.0275E-01
0.52688	8.0317E-01
0.52711	8.0275E-01
0.52733	8.0317E-01
0.52756	8.0275E-01
0.52778	8.0317E-01
0.52801	8.0275E-01
0.52823	8.0317E-01
0.52846	8.0359E-01
0.52868	8.0402E-01
0.52891	8.0444E-01
0.52914	8.0486E-01
0.52936	8.0529E-01
0.52959	8.0656E-01
0.52981	8.0698E-01
0.53004	8.0825E-01
0.53026	8.0867E-01
0.53049	8.0994E-01
0.53071	8.1037E-01
0.53094	8.1164E-01
0.53117	8.1291E-01
0.53139	8.1418E-01
0.53162	8.1545E-01
0.53184	8.1587E-01
0.53207	8.1714E-01
0.53229	8.1841E-01
0.53252	8.1968E-01
0.53274	8.2095E-01
0.53297	8.2222E-01
0.53320	8.2349E-01
0.53342	8.2476E-01
0.53365	8.2603E-01
0.53387	8.2730E-01
0.53410	8.2941E-01
0.53432	8.3153E-01
0.53455	8.3280E-01
0.53478	8.3492E-01
0.53500	8.3703E-01
0.53523	8.3915E-01
0.53545	8.4127E-01
0.53568	8.4338E-01
0.53591	8.4550E-01
0.53613	8.4762E-01
0.53636	8.4973E-01
0.53658	8.5185E-01
0.53681	8.5396E-01
0.53704	8.5693E-01
0.53726	8.5904E-01
0.53749	8.6116E-01
0.53771	8.6328E-01
0.53794	8.6624E-01
0.53816	8.6836E-01
0.53839	8.7047E-01
0.53862	8.7344E-01
0.53884	8.7640E-01
0.53907	8.7936E-01
0.53930	8.8232E-01
0.53952	8.8529E-01
0.53975	8.8825E-01
0.53997	8.9121E-01
0.54020	8.9418E-01
0.54043	8.9714E-01
0.54065	9.0095E-01
0.54088	9.0391E-01
0.54110	9.0687E-01
0.54133	9.0984E-01
0.54156	9.1365E-01
0.54178	9.1746E-01
0.54201	9.2042E-01
0.54223	9.2338E-01
0.54246	9.2635E-01
0.54269	9.2931E-01
0.54291	9.3227E-01
0.54314	9.3523E-01
0.54337	9.3820E-01
0.54359	9.4116E-01
0.54382	9.4412E-01
0.54405	9.4709E-01
0.54427	9.5005E-01
0.54450	9.5301E-01
0.54472	9.5598E-01
0.54495	9.5809E-01
0.54518	9.6021E-01
0.54540	9.6317E-01
0.54563	9.6529E-01
0.54586	9.6740E-01
0.54608	9.7037E-01
0.54631	9.7248E-01
0.54654	9.7460E-01
0.54676	9.7756E-01
0.54699	9.7968E-01
0.54722	9.8180E-01
0.54744	9.8307E-01
0.54767	9.8518E-01
0.54789	9.8730E-01
0.54812	9.8857E-01
0.54835	9.9068E-01
0.54857	9.9280E-01
0.54880	9.9407E-01
0.54903	9.9619E-01
0.54925	9.9746E-01
0.54948	9.9873E-01
0.54971	1.0008E+00
0.54993	1.0021E+00
0.55016	1.0034E+00
0.55039	1.0047E+00
0.55061	1.0059E+00
0.55084	1.0072E+00
0.55107	1.0085E+00
0.55129	1.0089E+00
0.55152	1.0102E+00
0.55175	1.0106E+00
0.55197	1.0110E+00
0.55220	1.0123E+00
0.55243	1.0127E+00
0.55266	1.0140E+00
0.55288	1.0144E+00
0.55311	1.0148E+00
0.55334	1.0152E+00
0.55356	1.0157E+00
0.55379	1.0161E+00
0.55402	1.0165E+00
0.55424	1.0169E+00
0.55447	1.0174E+00
0.55470	1.0178E+00
0.55492	1.0182E+00
0.55515	1.0186E+00
0.55538	1.0190E+00
0.55560	1.0186E+00
0.55583	1.0190E+00
0.55606	1.0186E+00
0.55629	1.0182E+00
0.55651	1.0178E+00
0.55674	1.0174E+00
0.55697	1.0169E+00
0.55719	1.0165E+00
0.55742	1.0161E+00
0.55765	1.0157E+00
0.55788	1.0144E+00
0.55810	1.0140E+00
0.55833	1.0127E+00
0.55856	1.0123E+00
0.55878	1.0110E+00
0.55901	1.0097E+00
0.55924	1.0085E+00
0.55947	1.0072E+00
0.55969	1.0068E+00
0.55992	1.0055E+00
0.56015	1.0042E+00
0.56037	1.0030E+00
0.56060	1.0017E+00
0.56083	9.9957E-01
0.56106	9.9830E-01
0.56128	9.9703E-01
0.56151	9.9492E-01
0.56174	9.9365E-01
0.56197	9.9153E-01
0.56219	9.9026E-01
0.56242	9.8899E-01
0.56265	9.8687E-01
0.56287	9.8560E-01
0.56310	9.8349E-01
0.56333	9.8137E-01
0.56356	9.8010E-01
0.56378	9.7799E-01
0.56401	9.7587E-01
0.56424	9.7460E-01
0.56447	9.7248E-01
0.56469	9.7121E-01
0.56492	9.6994E-01
0.56515	9.6783E-01
0.56538	9.6656E-01
0.56560	9.6444E-01
0.56583	9.6232E-01
0.56606	9.6105E-01
0.56629	9.5894E-01
0.56651	9.5767E-01
0.56674	9.5640E-01
0.56697	9.5428E-01
0.56720	9.5301E-01
0.56743	9.5174E-01
0.56765	9.4963E-01
0.56788	9.4836E-01
0.56811	9.4624E-01
0.56834	9.4497E-01
0.56856	9.4370E-01
0.56879	9.4158E-01
0.56902	9.4031E-01
0.56925	9.3904E-01
0.56947	9.3777E-01
0.56970	9.3650E-01
0.56993	9.3439E-01
0.57016	9.3312E-01
0.57039	9.3185E-01
0.57061	9.3058E-01
0.57084	9.2931E-01
0.57107	9.2889E-01
0.57130	9.2762E-01
0.57152	9.2719E-01
0.57175	9.2592E-01
0.57198	9.2550E-01
0.57221	9.2508E-01
0.57244	9.2465E-01
0.57266	9.2423E-01
0.57289	9.2381E-01
0.57312	9.2338E-01
0.57335	9.2381E-01
0.57358	9.2338E-01
0.57380	9.2381E-01
0.57403	9.2338E-01
0.57426	9.2381E-01
0.57449	9.2423E-01
0.57472	9.2465E-01
0.57494	9.2508E-01
0.57517	9.2635E-01
0.57540	9.2677E-01
0.57563	9.2804E-01
0.57586	9.2846E-01
0.57608	9.2973E-01
0.57631	9.3100E-01
0.57654	9.3227E-01
0.57677	9.3354E-01
0.57700	9.3566E-01
0.57723	9.3777E-01
0.57745	9.3989E-01
0.57768	9.4201E-01
0.57791	9.4412E-01
0.57814	9.4624E-01
0.57837	9.4836E-01
0.57860	9.5047E-01
0.57882	9.5344E-01
0.57905	9.5555E-01
0.57928	9.5851E-01
0.57951	9.6148E-01
0.57974	9.6444E-01
0.57996	9.6825E-01
0.58019	9.7206E-01
0.58042	9.7587E-01
0.58065	9.7883E-01
0.58088	9.8264E-01
0.58111	9.8645E-01
0.58134	9.9026E-01
0.58156	9.9492E-01
0.58179	9.9957E-01
0.58202	1.0042E+00
0.58225	1.0089E+00
0.58248	1.0144E+00
0.58271	1.0199E+00
0.58293	1.0254E+00
0.58316	1.0309E+00
0.58339	1.0364E+00
0.58362	1.0411E+00
0.58385	1.0457E+00
0.58408	1.0512E+00
0.58431	1.0567E+00
0.58453	1.0622E+00
0.58476	1.0677E+00
0.58499	1.0732E+00
0.58522	1.0787E+00
0.58545	1.0842E+00
0.58568	1.0906E+00
0.58591	1.0969E+00
0.58613	1.1024E+00
0.58636	1.1088E+00
0.58659	1.1151E+00
0.58682	1.1215E+00
0.58705	1.1287E+00
0.58728	1.1359E+00
0.58751	1.1431E+00
0.58774	1.1503E+00
0.58796	1.1575E+00
0.58819	1.1647E+00
0.58842	1.1718E+00
0.58865	1.1790E+00
0.58888	1.1862E+00
0.58911	1.1926E+00
0.58934	1.1998E+00
0.58957	1.2078E+00
0.58979	1.2150E+00
0.59002	1.2222E+00
0.59025	1.2294E+00
0.59048	1.2366E+00
0.59071	1.2438E+00
0.59094	1.2510E+00
0.59117	1.2582E+00
0.59140	1.2654E+00
0.59163	1.2726E+00
0.59185	1.2798E+00
0.59208	1.2878E+00
0.59231	1.2959E+00
0.59254	1.3039E+00
0.59277	1.3111E+00
0.59300	1.3183E+00
0.59323	1.3255E+00
0.59346	1.3327E+00
0.59369	1.3399E+00
0.59392	1.3471E+00
0.59415	1.3543E+00
0.59437	1.3615E+00
0.59460	1.3687E+00
0.59483	1.3759E+00
0.59506	1.3831E+00
0.59529	1.3903E+00
0.59552	1.3966E+00
0.59575	1.4038E+00
0.59598	1.4102E+00
0.59621	1.4165E+00
0.59644	1.4229E+00
0.59667	1.4292E+00
0.59690	1.4356E+00
0.59712	1.4419E+00
0.59735	1.4483E+00
0.59758	1.4546E+00
0.59781	1.4609E+00
0.59804	1.4673E+00
0.59827	1.4728E+00
0.59850	1.4783E+00
0.59873	1.4838E+00
0.59896	1.4893E+00
0.59919	1.4931E+00
0.59942	1.4978E+00
0.59965	1.5024E+00
0.59988	1.5062E+00
0.60011	1.5100E+00
0.60034	1.5139E+00
0.60056	1.5168E+00
0.60079	1.5198E+00
0.60102	1.5219E+00
0.60125	1.5240E+00
0.60148	1.5261E+00
0.60171	1.5283E+00
0.60194	1.5304E+00
0.60217	1.5316E+00
0.60240	1.5321E+00
0.60263	1.5333E+00
0.60286	1.5338E+00
0.60309	1.5342E+00
0.60332	1.5346E+00
0.60355	1.5342E+00
0.60378	1.5329E+00
0.60401	1.5316E+00
0.60424	1.5304E+00
0.60447	1.5291E+00
0.60470	1.5270E+00
0.60493	1.5240E+00
0.60516	1.5211E+00
0.60539	1.5172E+00
0.60562	1.5134E+00
0.60585	1.5105E+00
0.60607	1.5067E+00
0.60630	1.5029E+00
0.60653	1.4982E+00
0.60676	1.4935E+00
0.60699	1.4889E+00
0.60722	1.4842E+00
0.60745	1.4796E+00
0.60768	1.4741E+00
0.60791	1.4677E+00
0.60814	1.4614E+00
0.60837	1.4550E+00
0.60860	1.4487E+00
0.60883	1.4423E+00
0.60906	1.4360E+00
0.60929	1.4288E+00
0.60952	1.4216E+00
0.60975	1.4144E+00
0.60998	1.4072E+00
0.61021	1.3991E+00
0.61044	1.3911E+00
0.61067	1.3831E+00
0.61090	1.3750E+00
0.61113	1.3670E+00
0.61136	1.3598E+00
0.61159	1.3526E+00
0.61182	1.3445E+00
0.61205	1.3365E+00
0.61228	1.3285E+00
0.61251	1.3204E+00
0.61274	1.3124E+00
0.61297	1.3043E+00
0.61320	1.2963E+00
0.61343	1.2874E+00
0.61366	1.2794E+00
0.61389	1.2713E+00
0.61412	1.2633E+00
0.61435	1.2552E+00
0.61458	1.2472E+00
0.61481	1.2391E+00
0.61504	1.2303E+00
0.61527	1.2222E+00
0.61550	1.2142E+00
0.61573	1.2061E+00
0.61596	1.1981E+00
0.61619	1.1900E+00
0.61642	1.1820E+00
0.61666	1.1740E+00
0.61689	1.1668E+00
0.61712	1.1596E+00
0.61735	1.1524E+00
0.61758	1.1443E+00
0.61781	1.1371E+00
0.61804	1.1291E+00
0.61827	1.1219E+00
0.61850	1.1147E+00
0.61873	1.1075E+00
0.61896	1.1012E+00
0.61919	1.0948E+00
0.61942	1.0885E+00
0.61965	1.0821E+00
0.61988	1.0758E+00
0.62011	1.0694E+00
0.62034	1.0631E+00
0.62057	1.0567E+00
0.62080	1.0504E+00
0.62103	1.0449E+00
0.62126	1.0394E+00
0.62149	1.0347E+00
0.62172	1.0292E+00
0.62195	1.0245E+00
0.62219	1.0199E+00
0.62242	1.0152E+00
0.62265	1.0106E+00
0.62288	1.0059E+00
0.62311	1.0021E+00
0.62334	9.9830E-01
0.62357	9.9449E-01
0.62380	9.9068E-01
0.62403	9.8772E-01
0.62426	9.8476E-01
0.62449	9.8180E-01
0.62472	9.7883E-01
0.62495	9.7587E-01
0.62518	9.7375E-01
0.62541	9.7164E-01
0.62565	9.6952E-01
0.62588	9.6740E-01
0.62611	9.6613E-01
0.62634	9.6486E-01
0.62657	9.6275E-01
0.62680	9.6148E-01
0.62703	9.6105E-01
0.62726	9.6063E-01
0.62749	9.6021E-01
0.62772	9.5978E-01
0.62795	9.6021E-01
0.62818	9.5978E-01
0.62842	9.6021E-01
0.62865	9.5978E-01
0.62888	9.6021E-01
0.62911	9.6148E-01
0.62934	9.6190E-01
0.62957	9.6232E-01
0.62980	9.6359E-01
0.63003	9.6486E-01
0.63026	9.6613E-01
0.63049	9.6656E-01
0.63072	9.6783E-01
0.63096	9.6910E-01
0.63119	9.7037E-01
0.63142	9.7164E-01
0.63165	9.7375E-01
0.63188	9.7587E-01
0.63211	9.7799E-01
0.63234	9.8010E-01
0.63257	9.8222E-01
0.63280	9.8518E-01
0.63304	9.8730E-01
0.63327	9.8941E-01
0.63350	9.9238E-01
0.63373	9.9449E-01
0.63396	9.9746E-01
0.63419	1.0004E+00
0.63442	1.0034E+00
0.63465	1.0063E+00
0.63488	1.0093E+00
0.63512	1.0123E+00
0.63535	1.0144E+00
0.63558	1.0174E+00
0.63581	1.0203E+00
0.63604	1.0233E+00
0.63627	1.0262E+00
0.63650	1.0292E+00
0.63673	1.0322E+00
0.63697	1.0351E+00
0.63720	1.0389E+00
0.63743	1.0419E+00
0.63766	1.0449E+00
0.63789	1.0478E+00
0.63812	1.0516E+00
0.63835	1.0546E+00
0.63859	1.0576E+00
0.63882	1.0614E+00
0.63905	1.0652E+00
0.63928	1.0690E+00
0.63951	1.0720E+00
0.63974	1.0749E+00
0.63997	1.0787E+00
0.64021	1.0825E+00
0.64044	1.0855E+00
0.64067	1.0885E+00
0.64090	1.0923E+00
0.64113	1.0961E+00
0.64136	1.0999E+00
0.64159	1.1029E+00
0.64183	1.1067E+00
0.64206	1.1105E+00
0.64229	1.1143E+00
0.64252	1.1181E+00
0.64275	1.1219E+00
0.64298	1.1257E+00
0.64322	1.1295E+00
0.64345	1.1333E+00
0.64368	1.1371E+00
0.64391	1.1418E+00
0.64414	1.1465E+00
0.64437	1.1511E+00
0.64461	1.1549E+00
0.64484	1.1596E+00
0.64507	1.1642E+00
0.64530	1.1689E+00
0.64553	1.1735E+00
0.64576	1.1782E+00
0.64600	1.1829E+00
0.64623	1.1875E+00
0.64646	1.1930E+00
0.64669	1.1985E+00
0.64692	1.2040E+00
0.64716	1.2104E+00
0.64739	1.2159E+00
0.64762	1.2222E+00
0.64785	1.2286E+00
0.64808	1.2358E+00
0.64831	1.2421E+00
0.64855	1.2493E+00
0.64878	1.2565E+00
0.64901	1.2637E+00
0.64924	1.2717E+00
0.64947	1.2798E+00
0.64971	1.2878E+00
0.64994	1.2959E+00
0.65017	1.3039E+00
0.65040	1.3120E+00
0.65063	1.3191E+00
0.65087	1.3280E+00
0.65110	1.3361E+00
0.65133	1.3441E+00
0.65156	1.3522E+00
0.65179	1.3602E+00
0.65203	1.3683E+00
0.65226	1.3763E+00
0.65249	1.3843E+00
0.65272	1.3915E+00
0.65295	1.3987E+00
0.65319	1.4059E+00
0.65342	1.4131E+00
0.65365	1.4203E+00
0.65388	1.4275E+00
0.65412	1.4347E+00
0.65435	1.4402E+00
0.65458	1.4457E+00
0.65481	1.4512E+00
0.65504	1.4567E+00
0.65528	1.4614E+00
0.65551	1.4660E+00
0.65574	1.4707E+00
0.65597	1.4745E+00
0.65621	1.4783E+00
0.65644	1.4813E+00
0.65667	1.4842E+00
0.65690	1.4863E+00
0.65713	1.4876E+00
0.65737	1.4889E+00
0.65760	1.4893E+00
0.65783	1.4897E+00
0.65806	1.4893E+00
0.65830	1.4889E+00
0.65853	1.4876E+00
0.65876	1.4863E+00
0.65899	1.4842E+00
0.65923	1.4813E+00
0.65946	1.4783E+00
0.65969	1.4745E+00
0.65992	1.4698E+00
0.66016	1.4643E+00
0.66039	1.4588E+00
0.66062	1.4533E+00
0.66085	1.4470E+00
0.66109	1.4398E+00
0.66132	1.4326E+00
0.66155	1.4254E+00
0.66178	1.4165E+00
0.66202	1.4076E+00
0.66225	1.3987E+00
0.66248	1.3890E+00
0.66271	1.3793E+00
0.66295	1.3687E+00
0.66318	1.3581E+00
0.66341	1.3484E+00
0.66364	1.3378E+00
0.66388	1.3272E+00
0.66411	1.3158E+00
0.66434	1.3043E+00
0.66457	1.2929E+00
0.66481	1.2815E+00
0.66504	1.2692E+00
0.66527	1.2578E+00
0.66551	1.2455E+00
0.66574	1.2332E+00
0.66597	1.2209E+00
0.66620	1.2087E+00
0.66644	1.1964E+00
0.66667	1.1841E+00
0.66690	1.1710E+00
0.66714	1.1587E+00
0.66737	1.1456E+00
0.66760	1.1333E+00
0.66783	1.1202E+00
0.66807	1.1079E+00
0.66830	1.0948E+00
0.66853	1.0825E+00
0.66877	1.0703E+00
0.66900	1.0580E+00
0.66923	1.0457E+00
0.66946	1.0334E+00
0.66970	1.0212E+00
0.66993	1.0089E+00
0.67016	9.9661E-01
0.67040	9.8518E-01
0.67063	9.7291E-01
0.67086	9.6148E-01
0.67109	9.5005E-01
0.67133	9.3862E-01
0.67156	9.2719E-01
0.67179	9.1661E-01
0.67203	9.0603E-01
0.67226	8.9460E-01
0.67249	8.8402E-01
0.67273	8.7344E-01
0.67296	8.6285E-01
0.67319	8.5227E-01
0.67343	8.4254E-01
0.67366	8.3280E-01
0.67389	8.2307E-01
0.67412	8.1333E-01
0.67436	8.0359E-01
0.67459	7.9386E-01
0.67482	7.8497E-01
0.67506	7.7608E-01
0.67529	7.6719E-01
0.67552	7.5830E-01
0.67576	7.4941E-01
0.67599	7.4053E-01
0.67622	7.3164E-01
0.67646	7.2359E-01
0.67669	7.1555E-01
0.67692	7.0751E-01
0.67716	6.9947E-01
0.67739	6.9142E-01
0.67762	6.8423E-01
0.67786	6.7703E-01
0.67809	6.6984E-01
0.67832	6.6264E-01
0.67856	6.5545E-01
0.67879	6.4825E-01
0.67902	6.4105E-01
0.67926	6.3471E-01
0.67949	6.2836E-01
0.67972	6.2201E-01
0.67996	6.1566E-01
0.68019	6.0931E-01
0.68042	6.0296E-01
0.68066	5.9661E-01
0.68089	5.9026E-01
0.68112	5.8391E-01
0.68136	5.7841E-01
0.68159	5.7291E-01
0.68182	5.6740E-01
0.68206	5.6190E-01
0.68229	5.5640E-01
0.68253	5.5090E-01
0.68276	5.4624E-01
0.68299	5.4158E-01
0.68323	5.3693E-01
0.68346	5.3227E-01
0.68369	5.2762E-01
0.68393	5.2381E-01
0.68416	5.2000E-01
0.68439	5.1619E-01
0.68463	5.1238E-01
0.68486	5.0857E-01
0.68509	5.0476E-01
0.68533	5.0095E-01
0.68556	4.9799E-01
0.68580	4.9502E-01
0.68603	4.9206E-01
0.68626	4.8825E-01
0.68650	4.8529E-01
0.68673	4.8232E-01
0.68696	4.7936E-01
0.68720	4.7725E-01
0.68743	4.7428E-01
0.68767	4.7217E-01
0.68790	4.7005E-01
0.68813	4.6793E-01
0.68837	4.6582E-01
0.68860	4.6370E-01
0.68884	4.6243E-01
0.68907	4.6031E-01
0.68930	4.5820E-01
0.68954	4.5693E-01
0.68977	4.5566E-01
0.69000	4.5354E-01
0.69024	4.5227E-01
0.69047	4.5100E-01
0.69071	4.4973E-01
0.69094	4.4846E-01
0.69117	4.4635E-01
0.69141	4.4508E-01
0.69164	4.4381E-01
0.69188	4.4254E-01
0.69211	4.4127E-01
0.69234	4.4000E-01
0.69258	4.3873E-01
0.69281	4.3830E-01
0.69305	4.3703E-01
0.69328	4.3661E-01
0.69351	4.3619E-01
0.69375	4.3492E-01
0.69398	4.3449E-01
0.69422	4.3322E-01
0.69445	4.3280E-01
0.69468	4.3238E-01
0.69492	4.3195E-01
0.69515	4.3153E-01
0.69539	4.3111E-01
0.69562	4.3068E-01
0.69586	4.3026E-01
0.69609	4.2984E-01
0.69632	4.2941E-01
0.69656	4.2899E-01
0.69679	4.2857E-01
0.69703	4.2814E-01
0.69726	4.2772E-01
0.69749	4.2730E-01
0.69773	4.2687E-01
0.69796	4.2645E-01
0.69820	4.2603E-01
0.69843	4.2560E-01
0.69867	4.2518E-01
0.69890	4.2391E-01
0.69914	4.2349E-01
0.69937	4.2222E-01
0.69960	4.2180E-01
0.69984	4.2053E-01
0.70007	4.2010E-01
0.70031	4.1883E-01
0.70054	4.1756E-01
0.70078	4.1714E-01
0.70101	4.1587E-01
0.70124	4.1545E-01
0.70148	4.1418E-01
0.70171	4.1375E-01
0.70195	4.1248E-01
0.70218	4.1206E-01
0.70242	4.1164E-01
0.70265	4.1035E-01
0.70289	4.0992E-01
0.70312	4.0860E-01
0.70335	4.0814E-01
0.70359	4.0677E-01
0.70382	4.0626E-01
0.70406	4.0563E-01
0.70429	4.0501E-01
0.70453	4.0417E-01
0.70476	4.0334E-01
0.70500	4.0335E-01
0.70523	4.0251E-01
0.70547	4.0252E-01
0.70570	4.0168E-01
0.70594	4.0169E-01
0.70617	4.0169E-01
0.70640	4.0170E-01
0.70664	4.0172E-01
0.70687	4.0174E-01
0.70711	4.0177E-01
0.70734	4.0180E-01
0.70758	4.0187E-01
0.70781	4.0193E-01
0.70805	4.0206E-01
0.70828	4.0219E-01
0.70852	4.0119E-01
0.70875	4.0088E-01
0.70899	4.0056E-01
0.70922	3.9994E-01
0.70946	3.9910E-01
0.70969	3.9912E-01
0.70993	3.9789E-01
0.71016	3.9709E-01
0.71040	3.9587E-01
0.71063	3.9512E-01
0.71086	3.9394E-01
0.71110	3.9325E-01
0.71133	3.9215E-01
0.71157	3.9161E-01
0.71180	3.9065E-01
0.71204	3.9039E-01
0.71227	3.8988E-01
0.71251	3.8894E-01
0.71274	3.8874E-01
0.71298	3.8833E-01
0.71321	3.8749E-01
0.71345	3.8747E-01
0.71368	3.8745E-01
0.71392	3.8739E-01
0.71415	3.8728E-01
0.71439	3.8705E-01
0.71462	3.8659E-01
0.71486	3.8564E-01
0.71509	3.8541E-01
0.71533	3.8494E-01
0.71556	3.8398E-01
0.71580	3.8371E-01
0.71603	3.8318E-01
0.71627	3.8209E-01
0.71650	3.8155E-01
0.71674	3.8045E-01
0.71698	3.7989E-01
0.71721	3.7876E-01
0.71745	3.7814E-01
0.71768	3.7686E-01
0.71792	3.7593E-01
0.71815	3.7572E-01
0.71839	3.7527E-01
0.71862	3.7434E-01
0.71886	3.7412E-01
0.71909	3.7367E-01
0.71933	3.7273E-01
0.71956	3.7248E-01
0.71980	3.7199E-01
0.72003	3.7094E-01
0.72027	3.7045E-01
0.72050	3.6943E-01
0.72074	3.6900E-01
0.72097	3.6809E-01
0.72121	3.6788E-01
0.72144	3.6745E-01
0.72168	3.6654E-01
0.72192	3.6634E-01
0.72215	3.6591E-01
0.72239	3.6500E-01
0.72262	3.6481E-01
0.72286	3.6440E-01
0.72309	3.6353E-01
0.72333	3.6342E-01
0.72356	3.6318E-01
0.72380	3.6268E-01
0.72403	3.6163E-01
0.72427	3.6111E-01
0.72451	3.6001E-01
0.72474	3.5938E-01
0.72498	3.5805E-01
0.72521	3.5691E-01
0.72545	3.5620E-01
0.72568	3.5470E-01
0.72592	3.5321E-01
0.72615	3.5173E-01
0.72639	3.5026E-01
0.72662	3.4881E-01
0.72686	3.4743E-01
0.72710	3.4617E-01
0.72733	3.4517E-01
0.72757	3.4471E-01
0.72780	3.4373E-01
0.72804	3.4331E-01
0.72827	3.4241E-01
0.72851	3.4214E-01
0.72875	3.4157E-01
0.72898	3.4033E-01
0.72922	3.3934E-01
0.72945	3.3888E-01
0.72969	3.3788E-01
0.72992	3.3738E-01
0.73016	3.3631E-01
0.73040	3.3566E-01
0.73063	3.3425E-01
0.73087	3.3284E-01
0.73110	3.3143E-01
0.73134	3.3003E-01
0.73157	3.2864E-01
0.73181	3.2727E-01
0.73205	3.2595E-01
0.73228	3.2475E-01
0.73252	3.2379E-01
0.73275	3.2336E-01
0.73299	3.2240E-01
0.73323	3.2195E-01
0.73346	3.2094E-01
0.73370	3.2041E-01
0.73393	3.1921E-01
0.73417	3.1822E-01
0.73440	3.1769E-01
0.73464	3.1649E-01
0.73488	3.1547E-01
0.73511	3.1488E-01
0.73535	3.1355E-01
0.73558	3.1221E-01
0.73582	3.1088E-01
0.73606	3.0954E-01
0.73629	3.0821E-01
0.73653	3.0686E-01
0.73676	3.0550E-01
0.73700	3.0411E-01
0.73724	3.0263E-01
0.73747	3.0092E-01
0.73771	3.0041E-01
0.73794	2.9923E-01
0.73818	2.9819E-01
0.73842	2.9748E-01
0.73865	2.9583E-01
0.73889	2.9542E-01
0.73913	2.9445E-01
0.73936	2.9391E-01
0.73960	2.9266E-01
0.73983	2.9141E-01
0.74007	2.9017E-01
0.74031	2.8898E-01
0.74054	2.8786E-01
0.74078	2.8695E-01
0.74101	2.8649E-01
0.74125	2.8539E-01
0.74149	2.8451E-01
0.74172	2.8412E-01
0.74196	2.8319E-01
0.74220	2.8269E-01
0.74243	2.8147E-01
0.74267	2.8027E-01
0.74290	2.7910E-01
0.74314	2.7802E-01
0.74338	2.7710E-01
0.74361	2.7661E-01
0.74385	2.7541E-01
0.74409	2.7422E-01
0.74432	2.7302E-01
0.74456	2.7182E-01
0.74480	2.7061E-01
0.74503	2.6937E-01
0.74527	2.6807E-01
0.74550	2.6661E-01
0.74574	2.6473E-01
0.74598	2.6356E-01
0.74621	2.6239E-01
0.74645	2.6120E-01
0.74669	2.5995E-01
0.74692	2.5853E-01
0.74716	2.5668E-01
0.74740	2.5550E-01
0.74763	2.5425E-01
0.74787	2.5280E-01
0.74811	2.5086E-01
0.74834	2.4937E-01
0.74858	2.4730E-01
0.74882	2.4546E-01
0.74905	2.4425E-01
0.74929	2.4287E-01
0.74952	2.4101E-01
0.74976	2.3967E-01
0.75000	2.3791E-01
0.75023	2.3684E-01
0.75047	2.3577E-01
0.75071	2.3471E-01
0.75094	2.3368E-01
0.75118	2.3272E-01
0.75142	2.3195E-01
0.75165	2.3169E-01
0.75189	2.3098E-01
0.75213	2.3085E-01
0.75236	2.3050E-01
0.75260	2.2954E-01
0.75284	2.2874E-01
0.75307	2.2837E-01
0.75331	2.2735E-01
0.75355	2.2632E-01
0.75378	2.2530E-01
0.75402	2.2427E-01
0.75426	2.2324E-01
0.75450	2.2221E-01
0.75473	2.2115E-01
0.75497	2.2003E-01
0.75521	2.1875E-01
0.75544	2.1697E-01
0.75568	2.1565E-01
0.75592	2.1375E-01
0.75615	2.1203E-01
0.75639	2.1079E-01
0.75663	2.0906E-01
0.75686	2.0778E-01
0.75710	2.0587E-01
0.75734	2.0396E-01
0.75757	2.0205E-01
0.75781	2.0011E-01
0.75805	1.9813E-01
0.75829	1.9595E-01
0.75852	1.9319E-01
0.75876	1.9048E-01
0.75900	1.8783E-01
0.75923	1.8531E-01
0.75947	1.8329E-01
0.75971	1.8081E-01
0.75994	1.7877E-01
0.76018	1.7621E-01
0.76042	1.7385E-01
0.76066	1.7211E-01
0.76089	1.7038E-01
0.76113	1.6865E-01
0.76137	1.6695E-01
0.76160	1.6531E-01
0.76184	1.6387E-01
0.76208	1.6308E-01
0.76232	1.6242E-01
0.76255	1.6219E-01
0.76279	1.6138E-01
0.76303	1.6069E-01
0.76326	1.6034E-01
0.76350	1.5911E-01
0.76374	1.5894E-01
0.76398	1.5834E-01
0.76421	1.5832E-01
0.76445	1.5826E-01
0.76469	1.5804E-01
0.76492	1.5727E-01
0.76516	1.5663E-01
0.76540	1.5644E-01
0.76564	1.5579E-01
0.76587	1.5556E-01
0.76611	1.5475E-01
0.76635	1.5395E-01
0.76659	1.5319E-01
0.76682	1.5254E-01
0.76706	1.5231E-01
0.76730	1.5146E-01
0.76753	1.5047E-01
0.76777	1.4890E-01
0.76801	1.4737E-01
0.76825	1.4600E-01
0.76848	1.4518E-01
0.76872	1.4423E-01
0.76896	1.4282E-01
0.76920	1.4184E-01
0.76943	1.4029E-01
0.76967	1.3876E-01
0.76991	1.3721E-01
0.77015	1.3555E-01
0.77038	1.3345E-01
0.77062	1.3181E-01
0.77086	1.2978E-01
0.77110	1.2829E-01
0.77133	1.2670E-01
0.77157	1.2467E-01
0.77181	1.2306E-01
0.77205	1.2091E-01
0.77228	1.1876E-01
0.77252	1.1660E-01
0.77276	1.1437E-01
0.77300	1.1176E-01
0.77323	1.0973E-01
0.77347	1.0781E-01
0.77371	1.0641E-01
0.77395	1.0492E-01
0.77418	1.0294E-01
0.77442	1.0107E-01
0.77466	9.9731E-02
0.77490	9.8394E-02
0.77513	9.6991E-02
0.77537	9.5163E-02
0.77561	9.3855E-02
0.77585	9.2476E-02
0.77609	9.0683E-02
0.77632	8.9421E-02
0.77656	8.8187E-02
0.77680	8.7005E-02
0.77704	8.6167E-02
0.77727	8.4405E-02
0.77751	8.3180E-02
0.77775	8.2035E-02
0.77799	8.1304E-02
0.77823	7.9991E-02
0.77846	7.8281E-02
0.77870	7.7084E-02
0.77894	7.5878E-02
0.77918	7.4617E-02
0.77941	7.2947E-02
0.77965	7.1713E-02
0.77989	7.0046E-02
0.78013	6.8812E-02
0.78037	6.7033E-02
0.78060	6.4825E-02
0.78084	6.3069E-02
0.78108	6.0845E-02
0.78132	5.8622E-02
0.78156	5.6413E-02
0.78179	5.4282E-02
0.78203	5.2649E-02
0.78227	5.1058E-02
0.78251	4.9900E-02
0.78274	4.8343E-02
0.78298	4.7271E-02
0.78322	4.6196E-02
0.78346	4.5084E-02
0.78370	4.3574E-02
0.78393	4.2537E-02
0.78417	4.1470E-02
0.78441	4.0003E-02
0.78465	3.9004E-02
0.78489	3.8005E-02
0.78513	3.7006E-02
0.78536	3.6006E-02
0.78560	3.5003E-02
0.78584	3.3959E-02
0.78608	3.2492E-02
0.78632	3.1493E-02
0.78655	3.0494E-02
0.78679	2.9500E-02
0.78703	2.8547E-02
0.78727	2.8026E-02
0.78751	2.7064E-02
0.78774	2.6136E-02
0.78798	2.5640E-02
0.78822	2.4706E-02
0.78846	2.3773E-02
0.78870	2.2839E-02
0.78894	2.1891E-02
0.78917	2.0513E-02
0.78941	1.9128E-02
0.78965	1.7320E-02
0.78989	1.5512E-02
0.79013	1.3705E-02
0.79037	1.1897E-02
0.79060	1.0091E-02
0.79084	8.3130E-03
0.79108	6.9797E-03
0.79132	5.6475E-03
0.79156	4.3360E-03
0.79180	3.4617E-03
0.79203	2.5874E-03
0.79227	1.7135E-03
0.79251	8.5328E-04
0.79275	4.2328E-04
0.79299	0.0000E+00
0.79323	0.0000E+00
0.79346	0.0000E+00
0.79370	0.0000E+00
0.79394	0.0000E+00
0.79418	0.0000E+00
0.79442	0.0000E+00
0.79466	0.0000E+00
0.79489	0.0000E+00
0.79513	0.0000E+00
0.79537	0.0000E+00
0.79561	0.0000E+00
0.79585	0.0000E+00
0.79609	0.0000E+00
0.79633	0.0000E+00
0.79656	0.0000E+00
0.79680	0.0000E+00
0.79704	0.0000E+00
0.79728	0.0000E+00
0.79752	0.0000E+00
0.79776	0.0000E+00
0.79800	0.0000E+00
0.79823	0.0000E+00
0.79847	0.0000E+00
0.79871	0.0000E+00
0.79895	0.0000E+00
0.79919	0.0000E+00
0.79943	0.0000E+00
0.79967	0.0000E+00
0.79990	0.0000E+00
0.80014	0.0000E+00
0.80038	0.0000E+00
0.80062	0.0000E+00
0.80086	0.0000E+00
0.80110	0.0000E+00
0.80134	0.0000E+00
0.80158	0.0000E+00
0.80181	0.0000E+00
0.80205	0.0000E+00
0.80229	0.0000E+00
0.80253	0.0000E+00
0.80277	0.0000E+00
0.80301	0.0000E+00
0.80325	0.0000E+00
0.80349	0.0000E+00
0.80372	0.0000E+00
0.80396	0.0000E+00
0.80420	0.0000E+00
0.80444	0.0000E+00
0.80468	0.0000E+00
0.80492	0.0000E+00
0.80516	0.0000E+00
0.80540	0.0000E+00
0.80564	0.0000E+00
0.80587	0.0000E+00
0.80611	0.0000E+00
0.80635	0.0000E+00
0.80659	0.0000E+00
0.80683	0.0000E+00
0.80707	0.0000E+00
0.80731	0.0000E+00
0.80755	0.0000E+00
0.80779	0.0000E+00
0.80803	0.0000E+00
0.80826	0.0000E+00
0.80850	0.0000E+00
0.80874	0.0000E+00
0.80898	0.0000E+00
0.80922	0.0000E+00
0.80946	0.0000E+00
0.80970	0.0000E+00
0.80994	0.0000E+00
0.81018	0.0000E+00
0.81042	0.0000E+00
0.81065	0.0000E+00
0.81089	0.0000E+00
0.81113	0.0000E+00
0.81137	0.0000E+00
0.81161	0.0000E+00
0.81185	0.0000E+00
0.81209	0.0000E+00
0.81233	0.0000E+00
0.81257	0.0000E+00
0.81281	0.0000E+00
0.81305	0.0000E+00
0.81329	0.0000E+00
0.81352	0.0000E+00
0.81376	0.0000E+00
0.81400	0.0000E+00
0.81424	0.0000E+00
0.81448	0.0000E+00
0.81472	0.0000E+00
0.81496	0.0000E+00
0.81520	0.0000E+00
0.81544	0.0000E+00
0.81568	0.0000E+00
0.81592	0.0000E+00
0.81616	0.0000E+00
0.81640	0.0000E+00
0.81664	0.0000E+00
0.81687	0.0000E+00
0.81711	0.0000E+00
0.81735	0.0000E+00
0.81759	0.0000E+00
0.81783	0.0000E+00
0.81807	0.0000E+00
0.81831	0.0000E+00
0.81855	0.0000E+00
0.81879	0.0000E+00
0.81903	0.0000E+00
0.81927	0.0000E+00
0.81951	0.0000E+00
0.81975	0.0000E+00
0.81999	0.0000E+00
0.82023	0.0000E+00
0.82047	0.0000E+00
0.82071	0.0000E+00
0.82094	0.0000E+00
0.82118	0.0000E+00
0.82142	0.0000E+00
0.82166	0.0000E+00
0.82190	0.0000E+00
0.82214	0.0000E+00
0.82238	0.0000E+00
0.82262	0.0000E+00
0.82286	0.0000E+00
0.82310	0.0000E+00
0.82334	0.0000E+00
0.82358	0.0000E+00
0.82382	0.0000E+00
0.82406	0.0000E+00
0.82430	0.0000E+00
0.82454	0.0000E+00
0.82478	0.0000E+00
0.82502	0.0000E+00
0.82526	0.0000E+00
0.82550	0.0000E+00
0.82574	0.0000E+00
0.82598	0.0000E+00
0.82622	0.0000E+00
0.82646	0.0000E+00
0.82670	0.0000E+00
0.82694	0.0000E+00
0.82717	0.0000E+00
0.82741	0.0000E+00
0.82765	0.0000E+00
0.82789	0.0000E+00
0.82813	0.0000E+00
0.82837	0.0000E+00
0.82861	0.0000E+00
0.82885	0.0000E+00
0.82909	0.0000E+00
0.82933	0.0000E+00
0.82957	0.0000E+00
0.82981	0.0000E+00
0.83005	0.0000E+00
0.83029	0.0000E+00
0.83053	0.0000E+00
0.83077	0.0000E+00
0.83101	0.0000E+00
0.83125	0.0000E+00
0.83149	0.0000E+00
0.83173	0.0000E+00
0.83197	0.0000E+00
0.83221	0.0000E+00
0.83245	0.0000E+00
0.83269	0.0000E+00
0.83293	0.0000E+00
0.83317	0.0000E+00
0.83341	0.0000E+00
0.83365	0.0000E+00
0.83389	0.0000E+00
0.83413	0.0000E+00
0.83437	0.0000E+00
0.83461	0.0000E+00
0.83485	0.0000E+00
0.83509	0.0000E+00
0.83533	0.0000E+00
0.83557	0.0000E+00
0.83581	0.0000E+00
0.83605	0.0000E+00
0.83629	0.0000E+00
0.83653	0.0000E+00
0.83677	0.0000E+00
0.83701	0.0000E+00
0.83725	0.0000E+00
0.83749	0.0000E+00
0.83773	0.0000E+00
0.83797	0.0000E+00
0.83821	0.0000E+00
0.83845	0.0000E+00
0.83869	0.0000E+00
0.83893	0.0000E+00
0.83917	0.0000E+00
0.83941	0.0000E+00
0.83965	0.0000E+00
0.83989	0.0000E+00
0.84013	0.0000E+00
0.84037	0.0000E+00
0.84062	0.0000E+00
0.84086	0.0000E+00
0.84110	0.0000E+00
0.84134	0.0000E+00
0.84158	0.0000E+00
0.84182	0.0000E+00
0.84206	0.0000E+00
0.84230	0.0000E+00
0.84254	0.0000E+00
0.84278	0.0000E+00
0.84302	0.0000E+00
0.84326	0.0000E+00
0.84350	0.0000E+00
0.84374	0.0000E+00
0.84398	0.0000E+00
0.84422	0.0000E+00
0.84446	0.0000E+00
0.84470	0.0000E+00
0.84494	0.0000E+00
0.84518	0.0000E+00
0.84542	0.0000E+00
0.84566	0.0000E+00
0.84590	0.0000E+00
0.84614	0.0000E+00
0.84638	0.0000E+00
0.84662	0.0000E+00
0.84686	0.0000E+00
0.84711	0.0000E+00
0.84735	0.0000E+00
0.84759	0.0000E+00
0.84783	0.0000E+00
0.84807	0.0000E+00
0.84831	0.0000E+00
0.84855	0.0000E+00
0.84879	0.0000E+00
0.84903	0.0000E+00
0.84927	0.0000E+00
0.84951	0.0000E+00
0.84975	0.0000E+00
0.84999	0.0000E+00
0.85023	0.0000E+00
0.85047	0.0000E+00
0.85071	0.0000E+00
0.85095	0.0000E+00
0.85120	0.0000E+00
0.85144	0.0000E+00
0.85168	0.0000E+00
0.85192	0.0000E+00
0.85216	0.0000E+00
0.85240	0.0000E+00
0.85264	0.0000E+00
0.85288	0.0000E+00
0.85312	0.0000E+00
0.85336	0.0000E+00
0.85360	0.0000E+00
0.85384	0.0000E+00
0.85408	0.0000E+00
0.85432	0.0000E+00
0.85457	0.0000E+00
0.85481	0.0000E+00
0.85505	0.0000E+00
0.85529	1.0582E-02
0.85553	1.2210E-02
0.85577	1.4430E-02
0.85601	1.7637E-02
0.85625	2.2676E-02
0.85649	3.1746E-02
0.85673	5.2910E-02
0.85697	1.5873E-01