0.39697	8.3621E-01
0.39719	8.5949E-01
0.39741	8.6922E-01
0.39762	8.6977E-01
0.39784	8.6866E-01
0.39806	8.6795E-01
0.39827	8.6746E-01
0.39849	8.6626E-01
0.39871	8.6753E-01
0.39893	8.6795E-01
0.39914	8.6583E-01
0.39936	8.6456E-01
0.39958	8.6245E-01
0.39980	8.6118E-01
0.40001	8.5991E-01
0.40023	8.5864E-01
0.40045	8.5822E-01
0.40066	8.5695E-01
0.40088	8.5652E-01
0.40110	8.5525E-01
0.40132	8.5483E-01
0.40153	8.5441E-01
0.40175	8.5398E-01
0.40197	8.5441E-01
0.40219	8.5398E-01
0.40240	8.5441E-01
0.40262	8.5398E-01
0.40284	8.5441E-01
0.40306	8.5568E-01
0.40327	8.5610E-01
0.40349	8.5737E-01
0.40371	8.5779E-01
0.40393	8.5906E-01
0.40414	8.5949E-01
0.40436	8.6076E-01
0.40458	8.6203E-01
0.40480	8.6414E-01
0.40501	8.6541E-01
0.40523	8.6668E-01
0.40545	8.6880E-01
0.40567	8.7007E-01
0.40589	8.7218E-01
0.40610	8.7430E-01
0.40632	8.7557E-01
0.40654	8.7769E-01
0.40676	8.7980E-01
0.40697	8.8192E-01
0.40719	8.8404E-01
0.40741	8.8700E-01
0.40763	8.8996E-01
0.40785	8.9292E-01
0.40806	8.9504E-01
0.40828	8.9800E-01
0.40850	9.0097E-01
0.40872	9.0393E-01
0.40894	9.0689E-01
0.40915	9.0986E-01
0.40937	9.1282E-01
0.40959	9.1663E-01
0.40981	9.2044E-01
0.41002	9.2340E-01
0.41024	9.2721E-01
0.41046	9.3102E-01
0.41068	9.3483E-01
0.41090	9.3864E-01
0.41111	9.4160E-01
0.41133	9.4626E-01
0.41155	9.5007E-01
0.41177	9.5388E-01
0.41199	9.5769E-01
0.41221	9.6150E-01
0.41242	9.6531E-01
0.41264	9.6912E-01
0.41286	9.7292E-01
0.41308	9.7589E-01
0.41330	9.7970E-01
0.41351	9.8351E-01
0.41373	9.8732E-01
0.41395	9.9028E-01
0.41417	9.9324E-01
0.41439	9.9705E-01
0.41461	9.9917E-01
0.41482	1.0021E+00
0.41504	1.0051E+00
0.41526	1.0072E+00
0.41548	1.0102E+00
0.41570	1.0131E+00
0.41592	1.0161E+00
0.41613	1.0191E+00
0.41635	1.0220E+00
0.41657	1.0250E+00
0.41679	1.0271E+00
0.41701	1.0292E+00
0.41723	1.0322E+00
0.41745	1.0351E+00
0.41766	1.0373E+00
0.41788	1.0402E+00
0.41810	1.0423E+00
0.41832	1.0445E+00
0.41854	1.0474E+00
0.41876	1.0504E+00
0.41897	1.0525E+00
0.41919	1.0546E+00
0.41941	1.0567E+00
0.41963	1.0597E+00
0.41985	1.0618E+00
0.42007	1.0648E+00
0.42029	1.0677E+00
0.42051	1.0699E+00
0.42072	1.0720E+00
0.42094	1.0741E+00
0.42116	1.0762E+00
0.42138	1.0792E+00
0.42160	1.0813E+00
0.42182	1.0834E+00
0.42204	1.0855E+00
0.42226	1.0876E+00
0.42247	1.0898E+00
0.42269	1.0919E+00
0.42291	1.0931E+00
0.42313	1.0953E+00
0.42335	1.0965E+00
0.42357	1.0978E+00
0.42379	1.0999E+00
0.42401	1.1012E+00
0.42423	1.1033E+00
0.42444	1.1046E+00
0.42466	1.1058E+00
0.42488	1.1071E+00
0.42510	1.1084E+00
0.42532	1.1096E+00
0.42554	1.1109E+00
0.42576	1.1122E+00
0.42598	1.1126E+00
0.42620	1.1139E+00
0.42642	1.1143E+00
0.42663	1.1156E+00
0.42685	1.1160E+00
0.42707	1.1164E+00
0.42729	1.1177E+00
0.42751	1.1181E+00
0.42773	1.1194E+00
0.42795	1.1198E+00
0.42817	1.1211E+00
0.42839	1.1215E+00
0.42861	1.1219E+00
0.42883	1.1223E+00
0.42905	1.1228E+00
0.42927	1.1232E+00
0.42948	1.1236E+00
0.42970	1.1240E+00
0.42992	1.1245E+00
0.43014	1.1249E+00
0.43036	1.1253E+00
0.43058	1.1249E+00
0.43080	1.1245E+00
0.43102	1.1240E+00
0.43124	1.1236E+00
0.43146	1.1232E+00
0.43168	1.1228E+00
0.43190	1.1223E+00
0.43212	1.1228E+00
0.43234	1.1223E+00
0.43256	1.1219E+00
0.43278	1.1215E+00
0.43300	1.1211E+00
0.43321	1.1206E+00
0.43343	1.1202E+00
0.43365	1.1190E+00
0.43387	1.1177E+00
0.43409	1.1173E+00
0.43431	1.1160E+00
0.43453	1.1156E+00
0.43475	1.1143E+00
0.43497	1.1139E+00
0.43519	1.1126E+00
0.43541	1.1105E+00
0.43563	1.1092E+00
0.43585	1.1080E+00
0.43607	1.1067E+00
0.43629	1.1054E+00
0.43651	1.1033E+00
0.43673	1.1020E+00
0.43695	1.1008E+00
0.43717	1.1003E+00
0.43739	1.0991E+00
0.43761	1.0978E+00
0.43783	1.0965E+00
0.43805	1.0953E+00
0.43827	1.0931E+00
0.43849	1.0919E+00
0.43871	1.0906E+00
0.43893	1.0885E+00
0.43915	1.0872E+00
0.43937	1.0851E+00
0.43959	1.0838E+00
0.43981	1.0826E+00
0.44003	1.0813E+00
0.44025	1.0800E+00
0.44047	1.0787E+00
0.44069	1.0775E+00
0.44091	1.0762E+00
0.44113	1.0749E+00
0.44135	1.0737E+00
0.44157	1.0724E+00
0.44179	1.0703E+00
0.44201	1.0690E+00
0.44223	1.0677E+00
0.44245	1.0656E+00
0.44267	1.0644E+00
0.44289	1.0622E+00
0.44311	1.0601E+00
0.44333	1.0580E+00
0.44355	1.0559E+00
0.44377	1.0529E+00
0.44399	1.0508E+00
0.44421	1.0487E+00
0.44443	1.0457E+00
0.44465	1.0436E+00
0.44487	1.0415E+00
0.44509	1.0394E+00
0.44531	1.0373E+00
0.44553	1.0351E+00
0.44575	1.0330E+00
0.44597	1.0309E+00
0.44619	1.0288E+00
0.44641	1.0275E+00
0.44663	1.0254E+00
0.44685	1.0233E+00
0.44707	1.0212E+00
0.44729	1.0191E+00
0.44751	1.0169E+00
0.44774	1.0157E+00
0.44796	1.0136E+00
0.44818	1.0123E+00
0.44840	1.0110E+00
0.44862	1.0089E+00
0.44884	1.0076E+00
0.44906	1.0064E+00
0.44928	1.0051E+00
0.44950	1.0038E+00
0.44972	1.0017E+00
0.44994	1.0004E+00
0.45016	9.9917E-01
0.45038	9.9874E-01
0.45060	9.9748E-01
0.45082	9.9705E-01
0.45104	9.9578E-01
0.45127	9.9451E-01
0.45149	9.9324E-01
0.45171	9.9197E-01
0.45193	9.9155E-01
0.45215	9.9028E-01
0.45237	9.8986E-01
0.45259	9.8859E-01
0.45281	9.8732E-01
0.45303	9.8689E-01
0.45325	9.8562E-01
0.45347	9.8435E-01
0.45369	9.8308E-01
0.45391	9.8266E-01
0.45414	9.8139E-01
0.45436	9.8012E-01
0.45458	9.7970E-01
0.45480	9.7843E-01
0.45502	9.7800E-01
0.45524	9.7673E-01
0.45546	9.7631E-01
0.45568	9.7504E-01
0.45590	9.7462E-01
0.45612	9.7419E-01
0.45635	9.7377E-01
0.45657	9.7419E-01
0.45679	9.7462E-01
0.45701	9.7504E-01
0.45723	9.7462E-01
0.45745	9.7504E-01
0.45767	9.7546E-01
0.45789	9.7589E-01
0.45811	9.7631E-01
0.45834	9.7673E-01
0.45856	9.7800E-01
0.45878	9.7843E-01
0.45900	9.7885E-01
0.45922	9.7927E-01
0.45944	9.7970E-01
0.45966	9.8012E-01
0.45988	9.8054E-01
0.46011	9.8097E-01
0.46033	9.8139E-01
0.46055	9.8266E-01
0.46077	9.8308E-01
0.46099	9.8435E-01
0.46121	9.8478E-01
0.46143	9.8605E-01
0.46165	9.8647E-01
0.46188	9.8689E-01
0.46210	9.8816E-01
0.46232	9.8943E-01
0.46254	9.9070E-01
0.46276	9.9197E-01
0.46298	9.9324E-01
0.46320	9.9367E-01
0.46343	9.9494E-01
0.46365	9.9536E-01
0.46387	9.9578E-01
0.46409	9.9621E-01
0.46431	9.9663E-01
0.46453	9.9790E-01
0.46475	9.9917E-01
0.46498	1.0004E+00
0.46520	1.0017E+00
0.46542	1.0021E+00
0.46564	1.0034E+00
0.46586	1.0038E+00
0.46608	1.0051E+00
0.46631	1.0055E+00
0.46653	1.0068E+00
0.46675	1.0081E+00
0.46697	1.0093E+00
0.46719	1.0106E+00
0.46741	1.0119E+00
0.46764	1.0131E+00
0.46786	1.0136E+00
0.46808	1.0140E+00
0.46830	1.0144E+00
0.46852	1.0148E+00
0.46875	1.0153E+00
0.46897	1.0148E+00
0.46919	1.0153E+00
0.46941	1.0157E+00
0.46963	1.0169E+00
0.46985	1.0174E+00
0.47008	1.0178E+00
0.47030	1.0191E+00
0.47052	1.0195E+00
0.47074	1.0208E+00
0.47096	1.0212E+00
0.47119	1.0224E+00
0.47141	1.0229E+00
0.47163	1.0241E+00
0.47185	1.0246E+00
0.47207	1.0258E+00
0.47230	1.0280E+00
0.47252	1.0292E+00
0.47274	1.0305E+00
0.47296	1.0309E+00
0.47318	1.0322E+00
0.47341	1.0335E+00
0.47363	1.0347E+00
0.47385	1.0360E+00
0.47407	1.0364E+00
0.47430	1.0377E+00
0.47452	1.0390E+00
0.47474	1.0411E+00
0.47496	1.0423E+00
0.47518	1.0445E+00
0.47541	1.0466E+00
0.47563	1.0478E+00
0.47585	1.0500E+00
0.47607	1.0512E+00
0.47630	1.0525E+00
0.47652	1.0538E+00
0.47674	1.0550E+00
0.47696	1.0563E+00
0.47718	1.0576E+00
0.47741	1.0597E+00
0.47763	1.0610E+00
0.47785	1.0622E+00
0.47807	1.0635E+00
0.47830	1.0648E+00
0.47852	1.0660E+00
0.47874	1.0673E+00
0.47896	1.0686E+00
0.47919	1.0690E+00
0.47941	1.0703E+00
0.47963	1.0715E+00
0.47985	1.0728E+00
0.48008	1.0741E+00
0.48030	1.0754E+00
0.48052	1.0758E+00
0.48074	1.0762E+00
0.48097	1.0775E+00
0.48119	1.0787E+00
0.48141	1.0792E+00
0.48163	1.0796E+00
0.48186	1.0800E+00
0.48208	1.0804E+00
0.48230	1.0809E+00
0.48253	1.0821E+00
0.48275	1.0826E+00
0.48297	1.0838E+00
0.48319	1.0851E+00
0.48342	1.0847E+00
0.48364	1.0842E+00
0.48386	1.0855E+00
0.48408	1.0868E+00
0.48431	1.0872E+00
0.48453	1.0868E+00
0.48475	1.0872E+00
0.48498	1.0876E+00
0.48520	1.0881E+00
0.48542	1.0885E+00
0.48564	1.0881E+00
0.48587	1.0876E+00
0.48609	1.0881E+00
0.48631	1.0885E+00
0.48654	1.0881E+00
0.48676	1.0885E+00
0.48698	1.0889E+00
0.48720	1.0885E+00
0.48743	1.0881E+00
0.48765	1.0885E+00
0.48787	1.0881E+00
0.48810	1.0876E+00
0.48832	1.0872E+00
0.48854	1.0868E+00
0.48877	1.0864E+00
0.48899	1.0868E+00
0.48921	1.0864E+00
0.48943	1.0851E+00
0.48966	1.0838E+00
0.48988	1.0834E+00
0.49010	1.0830E+00
0.49033	1.0826E+00
0.49055	1.0830E+00
0.49077	1.0817E+00
0.49100	1.0804E+00
0.49122	1.0800E+00
0.49144	1.0796E+00
0.49167	1.0792E+00
0.49189	1.0787E+00
0.49211	1.0766E+00
0.49234	1.0754E+00
0.49256	1.0741E+00
0.49278	1.0737E+00
0.49301	1.0724E+00
0.49323	1.0711E+00
0.49345	1.0699E+00
0.49368	1.0686E+00
0.49390	1.0673E+00
0.49412	1.0660E+00
0.49435	1.0648E+00
0.49457	1.0635E+00
0.49479	1.0622E+00
0.49502	1.0610E+00
0.49524	1.0597E+00
0.49546	1.0593E+00
0.49569	1.0589E+00
0.49591	1.0584E+00
0.49613	1.0580E+00
0.49636	1.0576E+00
0.49658	1.0555E+00
0.49680	1.0542E+00
0.49703	1.0521E+00
0.49725	1.0500E+00
0.49748	1.0487E+00
0.49770	1.0474E+00
0.49792	1.0462E+00
0.49815	1.0449E+00
0.49837	1.0436E+00
0.49859	1.0415E+00
0.49882	1.0402E+00
0.49904	1.0381E+00
0.49926	1.0360E+00
0.49949	1.0330E+00
0.49971	1.0309E+00
0.49994	1.0296E+00
0.50016	1.0284E+00
0.50038	1.0271E+00
0.50061	1.0258E+00
0.50083	1.0246E+00
0.50105	1.0224E+00
0.50128	1.0212E+00
0.50150	1.0191E+00
0.50173	1.0178E+00
0.50195	1.0165E+00
0.50217	1.0136E+00
0.50240	1.0114E+00
0.50262	1.0093E+00
0.50285	1.0081E+00
0.50307	1.0059E+00
0.50329	1.0038E+00
0.50352	1.0017E+00
0.50374	9.9959E-01
0.50397	9.9748E-01
0.50419	9.9536E-01
0.50441	9.9409E-01
0.50464	9.9197E-01
0.50486	9.9070E-01
0.50509	9.8859E-01
0.50531	9.8647E-01
0.50553	9.8605E-01
0.50576	9.8478E-01
0.50598	9.8351E-01
0.50621	9.8224E-01
0.50643	9.8097E-01
0.50665	9.8054E-01
0.50688	9.7927E-01
0.50710	9.7800E-01
0.50733	9.7673E-01
0.50755	9.7546E-01
0.50778	9.7419E-01
0.50800	9.7292E-01
0.50822	9.7081E-01
0.50845	9.6954E-01
0.50867	9.6827E-01
0.50890	9.6615E-01
0.50912	9.6404E-01
0.50934	9.6277E-01
0.50957	9.6065E-01
0.50979	9.5853E-01
0.51002	9.5642E-01
0.51024	9.5430E-01
0.51047	9.5218E-01
0.51069	9.5007E-01
0.51092	9.4795E-01
0.51114	9.4499E-01
0.51136	9.4287E-01
0.51159	9.4076E-01
0.51181	9.3779E-01
0.51204	9.3568E-01
0.51226	9.3356E-01
0.51249	9.3229E-01
0.51271	9.3017E-01
0.51294	9.2806E-01
0.51316	9.2679E-01
0.51338	9.2382E-01
0.51361	9.2171E-01
0.51383	9.1959E-01
0.51406	9.1748E-01
0.51428	9.1536E-01
0.51451	9.1324E-01
0.51473	9.1113E-01
0.51496	9.0901E-01
0.51518	9.0689E-01
0.51541	9.0478E-01
0.51563	9.0266E-01
0.51586	9.0054E-01
0.51608	8.9843E-01
0.51630	8.9631E-01
0.51653	8.9419E-01
0.51675	8.9292E-01
0.51698	8.9165E-01
0.51720	8.9039E-01
0.51743	8.8827E-01
0.51765	8.8700E-01
0.51788	8.8573E-01
0.51810	8.8361E-01
0.51833	8.8234E-01
0.51855	8.8107E-01
0.51878	8.7980E-01
0.51900	8.7853E-01
0.51923	8.7642E-01
0.51945	8.7515E-01
0.51968	8.7388E-01
0.51990	8.7176E-01
0.52013	8.7049E-01
0.52035	8.6837E-01
0.52058	8.6626E-01
0.52080	8.6499E-01
0.52103	8.6287E-01
0.52125	8.6160E-01
0.52148	8.6033E-01
0.52170	8.5906E-01
0.52193	8.5779E-01
0.52215	8.5652E-01
0.52238	8.5525E-01
0.52260	8.5398E-01
0.52283	8.5271E-01
0.52305	8.5144E-01
0.52328	8.5017E-01
0.52350	8.4890E-01
0.52373	8.4763E-01
0.52395	8.4636E-01
0.52418	8.4509E-01
0.52440	8.4382E-01
0.52463	8.4171E-01
0.52485	8.4044E-01
0.52508	8.3832E-01
0.52530	8.3621E-01
0.52553	8.3409E-01
0.52575	8.3197E-01
0.52598	8.3070E-01
0.52621	8.2859E-01
0.52643	8.2647E-01
0.52666	8.2520E-01
0.52688	8.2308E-01
0.52711	8.2181E-01
0.52733	8.2054E-01
0.52756	8.1927E-01
0.52778	8.1800E-01
0.52801	8.1673E-01
0.52823	8.1546E-01
0.52846	8.1419E-01
0.52868	8.1292E-01
0.52891	8.1165E-01
0.52914	8.1039E-01
0.52936	8.0912E-01
0.52959	8.0785E-01
0.52981	8.0658E-01
0.53004	8.0531E-01
0.53026	8.0404E-01
0.53049	8.0277E-01
0.53071	8.0150E-01
0.53094	8.0023E-01
0.53117	7.9896E-01
0.53139	7.9769E-01
0.53162	7.9642E-01
0.53184	7.9515E-01
0.53207	7.9472E-01
0.53229	7.9345E-01
0.53252	7.9303E-01
0.53274	7.9176E-01
0.53297	7.9049E-01
0.53320	7.9007E-01
0.53342	7.8880E-01
0.53365	7.8837E-01
0.53387	7.8710E-01
0.53410	7.8583E-01
0.53432	7.8456E-01
0.53455	7.8330E-01
0.53478	7.8287E-01
0.53500	7.8160E-01
0.53523	7.8118E-01
0.53545	7.7991E-01
0.53568	7.7864E-01
0.53591	7.7737E-01
0.53613	7.7610E-01
0.53636	7.7568E-01
0.53658	7.7441E-01
0.53681	7.7398E-01
0.53704	7.7271E-01
0.53726	7.7229E-01
0.53749	7.7187E-01
0.53771	7.7060E-01
0.53794	7.7017E-01
0.53817	7.6890E-01
0.53839	7.6848E-01
0.53862	7.6721E-01
0.53884	7.6679E-01
0.53907	7.6636E-01
0.53930	7.6594E-01
0.53952	7.6552E-01
0.53975	7.6509E-01
0.53997	7.6467E-01
0.54020	7.6425E-01
0.54043	7.6382E-01
0.54065	7.6340E-01
0.54088	7.6298E-01
0.54110	7.6255E-01
0.54133	7.6213E-01
0.54156	7.6171E-01
0.54178	7.6128E-01
0.54201	7.6086E-01
0.54224	7.6044E-01
0.54246	7.6001E-01
0.54269	7.5959E-01
0.54291	7.5917E-01
0.54314	7.5874E-01
0.54337	7.5832E-01
0.54359	7.5790E-01
0.54382	7.5748E-01
0.54405	7.5705E-01
0.54427	7.5663E-01
0.54450	7.5705E-01
0.54472	7.5663E-01
0.54495	7.5705E-01
0.54518	7.5663E-01
0.54540	7.5705E-01
0.54563	7.5663E-01
0.54586	7.5705E-01
0.54608	7.5663E-01
0.54631	7.5705E-01
0.54654	7.5663E-01
0.54676	7.5705E-01
0.54699	7.5663E-01
0.54722	7.5705E-01
0.54744	7.5663E-01
0.54767	7.5705E-01
0.54789	7.5663E-01
0.54812	7.5705E-01
0.54835	7.5663E-01
0.54857	7.5705E-01
0.54880	7.5663E-01
0.54903	7.5705E-01
0.54925	7.5663E-01
0.54948	7.5705E-01
0.54971	7.5663E-01
0.54993	7.5705E-01
0.55016	7.5663E-01
0.55039	7.5705E-01
0.55061	7.5663E-01
0.55084	7.5705E-01
0.55107	7.5748E-01
0.55129	7.5790E-01
0.55152	7.5748E-01
0.55175	7.5790E-01
0.55197	7.5748E-01
0.55220	7.5790E-01
0.55243	7.5832E-01
0.55266	7.5874E-01
0.55288	7.5917E-01
0.55311	7.5959E-01
0.55334	7.6001E-01
0.55356	7.6044E-01
0.55379	7.6086E-01
0.55402	7.6128E-01
0.55424	7.6171E-01
0.55447	7.6128E-01
0.55470	7.6171E-01
0.55492	7.6213E-01
0.55515	7.6255E-01
0.55538	7.6298E-01
0.55560	7.6340E-01
0.55583	7.6298E-01
0.55606	7.6340E-01
0.55629	7.6298E-01
0.55651	7.6340E-01
0.55674	7.6382E-01
0.55697	7.6425E-01
0.55719	7.6382E-01
0.55742	7.6425E-01
0.55765	7.6382E-01
0.55788	7.6425E-01
0.55810	7.6382E-01
0.55833	7.6425E-01
0.55856	7.6382E-01
0.55878	7.6425E-01
0.55901	7.6382E-01
0.55924	7.6425E-01
0.55947	7.6382E-01
0.55969	7.6425E-01
0.55992	7.6382E-01
0.56015	7.6340E-01
0.56037	7.6298E-01
0.56060	7.6340E-01
0.56083	7.6298E-01
0.56106	7.6340E-01
0.56128	7.6298E-01
0.56151	7.6340E-01
0.56174	7.6298E-01
0.56197	7.6255E-01
0.56219	7.6213E-01
0.56242	7.6171E-01
0.56265	7.6128E-01
0.56287	7.6171E-01
0.56310	7.6128E-01
0.56333	7.6086E-01
0.56356	7.6044E-01
0.56378	7.6001E-01
0.56401	7.5959E-01
0.56424	7.5917E-01
0.56447	7.5874E-01
0.56469	7.5832E-01
0.56492	7.5790E-01
0.56515	7.5748E-01
0.56538	7.5790E-01
0.56560	7.5748E-01
0.56583	7.5705E-01
0.56606	7.5663E-01
0.56629	7.5536E-01
0.56651	7.5494E-01
0.56674	7.5451E-01
0.56697	7.5409E-01
0.56720	7.5367E-01
0.56743	7.5324E-01
0.56765	7.5282E-01
0.56788	7.5240E-01
0.56811	7.5197E-01
0.56834	7.5070E-01
0.56856	7.5028E-01
0.56879	7.4901E-01
0.56902	7.4859E-01
0.56925	7.4816E-01
0.56947	7.4774E-01
0.56970	7.4732E-01
0.56993	7.4605E-01
0.57016	7.4562E-01
0.57039	7.4435E-01
0.57061	7.4393E-01
0.57084	7.4266E-01
0.57107	7.4224E-01
0.57130	7.4097E-01
0.57152	7.4054E-01
0.57175	7.4012E-01
0.57198	7.3970E-01
0.57221	7.3927E-01
0.57244	7.3800E-01
0.57266	7.3758E-01
0.57289	7.3631E-01
0.57312	7.3589E-01
0.57335	7.3546E-01
0.57358	7.3504E-01
0.57380	7.3462E-01
0.57403	7.3419E-01
0.57426	7.3377E-01
0.57449	7.3335E-01
0.57472	7.3292E-01
0.57494	7.3250E-01
0.57517	7.3208E-01
0.57540	7.3165E-01
0.57563	7.3123E-01
0.57586	7.3165E-01
0.57609	7.3123E-01
0.57631	7.3165E-01
0.57654	7.3123E-01
0.57677	7.3165E-01
0.57700	7.3123E-01
0.57723	7.3165E-01
0.57745	7.3208E-01
0.57768	7.3250E-01
0.57791	7.3292E-01
0.57814	7.3335E-01
0.57837	7.3377E-01
0.57860	7.3419E-01
0.57882	7.3462E-01
0.57905	7.3589E-01
0.57928	7.3631E-01
0.57951	7.3758E-01
0.57974	7.3800E-01
0.57996	7.3927E-01
0.58019	7.4054E-01
0.58042	7.4181E-01
0.58065	7.4308E-01
0.58088	7.4435E-01
0.58111	7.4562E-01
0.58134	7.4689E-01
0.58156	7.4901E-01
0.58179	7.5028E-01
0.58202	7.5240E-01
0.58225	7.5451E-01
0.58248	7.5578E-01
0.58271	7.5790E-01
0.58293	7.6001E-01
0.58316	7.6298E-01
0.58339	7.6509E-01
0.58362	7.6721E-01
0.58385	7.7017E-01
0.58408	7.7314E-01
0.58431	7.7525E-01
0.58453	7.7822E-01
0.58476	7.8118E-01
0.58499	7.8414E-01
0.58522	7.8795E-01
0.58545	7.9091E-01
0.58568	7.9388E-01
0.58591	7.9769E-01
0.58613	8.0150E-01
0.58636	8.0531E-01
0.58659	8.0827E-01
0.58682	8.1208E-01
0.58705	8.1589E-01
0.58728	8.1970E-01
0.58751	8.2351E-01
0.58774	8.2816E-01
0.58796	8.3197E-01
0.58819	8.3578E-01
0.58842	8.3959E-01
0.58865	8.4340E-01
0.58888	8.4806E-01
0.58911	8.5271E-01
0.58934	8.5737E-01
0.58957	8.6203E-01
0.58979	8.6668E-01
0.59002	8.7218E-01
0.59025	8.7769E-01
0.59048	8.8234E-01
0.59071	8.8700E-01
0.59094	8.9165E-01
0.59117	8.9631E-01
0.59140	9.0181E-01
0.59163	9.0732E-01
0.59185	9.1282E-01
0.59208	9.1832E-01
0.59231	9.2382E-01
0.59254	9.2933E-01
0.59277	9.3483E-01
0.59300	9.3949E-01
0.59323	9.4414E-01
0.59346	9.4880E-01
0.59369	9.5345E-01
0.59392	9.5896E-01
0.59415	9.6446E-01
0.59437	9.6996E-01
0.59460	9.7546E-01
0.59483	9.8097E-01
0.59506	9.8647E-01
0.59529	9.9113E-01
0.59552	9.9578E-01
0.59575	1.0004E+00
0.59598	1.0051E+00
0.59621	1.0098E+00
0.59644	1.0153E+00
0.59667	1.0199E+00
0.59690	1.0246E+00
0.59712	1.0292E+00
0.59735	1.0339E+00
0.59758	1.0377E+00
0.59781	1.0415E+00
0.59804	1.0453E+00
0.59827	1.0491E+00
0.59850	1.0521E+00
0.59873	1.0559E+00
0.59896	1.0597E+00
0.59919	1.0627E+00
0.59942	1.0656E+00
0.59965	1.0677E+00
0.59988	1.0699E+00
0.60011	1.0728E+00
0.60034	1.0749E+00
0.60056	1.0771E+00
0.60079	1.0783E+00
0.60102	1.0804E+00
0.60125	1.0817E+00
0.60148	1.0830E+00
0.60171	1.0834E+00
0.60194	1.0847E+00
0.60217	1.0851E+00
0.60240	1.0855E+00
0.60263	1.0859E+00
0.60286	1.0855E+00
0.60309	1.0859E+00
0.60332	1.0855E+00
0.60355	1.0842E+00
0.60378	1.0838E+00
0.60401	1.0826E+00
0.60424	1.0813E+00
0.60447	1.0800E+00
0.60470	1.0787E+00
0.60493	1.0766E+00
0.60516	1.0745E+00
0.60539	1.0715E+00
0.60562	1.0694E+00
0.60585	1.0665E+00
0.60607	1.0635E+00
0.60630	1.0605E+00
0.60653	1.0567E+00
0.60676	1.0529E+00
0.60699	1.0491E+00
0.60722	1.0453E+00
0.60745	1.0415E+00
0.60768	1.0377E+00
0.60791	1.0330E+00
0.60814	1.0284E+00
0.60837	1.0237E+00
0.60860	1.0191E+00
0.60883	1.0144E+00
0.60906	1.0089E+00
0.60929	1.0034E+00
0.60952	9.9790E-01
0.60975	9.9240E-01
0.60998	9.8689E-01
0.61021	9.8139E-01
0.61044	9.7589E-01
0.61067	9.6954E-01
0.61090	9.6319E-01
0.61113	9.5684E-01
0.61136	9.5049E-01
0.61159	9.4414E-01
0.61182	9.3779E-01
0.61205	9.3144E-01
0.61228	9.2509E-01
0.61251	9.1874E-01
0.61274	9.1240E-01
0.61297	9.0605E-01
0.61320	8.9970E-01
0.61343	8.9335E-01
0.61366	8.8700E-01
0.61389	8.8065E-01
0.61412	8.7430E-01
0.61435	8.6795E-01
0.61458	8.6160E-01
0.61481	8.5525E-01
0.61504	8.4890E-01
0.61527	8.4255E-01
0.61550	8.3536E-01
0.61573	8.2816E-01
0.61596	8.2181E-01
0.61619	8.1462E-01
0.61642	8.0742E-01
0.61666	8.0023E-01
0.61689	7.9303E-01
0.61712	7.8583E-01
0.61735	7.7864E-01
0.61758	7.7144E-01
0.61781	7.6425E-01
0.61804	7.5705E-01
0.61827	7.4986E-01
0.61850	7.4266E-01
0.61873	7.3546E-01
0.61896	7.2912E-01
0.61919	7.2277E-01
0.61942	7.1642E-01
0.61965	7.1007E-01
0.61988	7.0456E-01
0.62011	6.9906E-01
0.62034	6.9356E-01
0.62057	6.8806E-01
0.62080	6.8255E-01
0.62103	6.7705E-01
0.62126	6.7155E-01
0.62149	6.6605E-01
0.62172	6.6054E-01
0.62195	6.5589E-01
0.62219	6.5123E-01
0.62242	6.4658E-01
0.62265	6.4192E-01
0.62288	6.3642E-01
0.62311	6.3176E-01
0.62334	6.2626E-01
0.62357	6.2160E-01
0.62380	6.1695E-01
0.62403	6.1229E-01
0.62426	6.0763E-01
0.62449	6.0298E-01
0.62472	5.9917E-01
0.62495	5.9536E-01
0.62518	5.9155E-01
0.62541	5.8689E-01
0.62565	5.8308E-01
0.62588	5.7927E-01
0.62611	5.7546E-01
0.62634	5.7165E-01
0.62657	5.6869E-01
0.62680	5.6573E-01
0.62703	5.6192E-01
0.62726	5.5896E-01
0.62749	5.5599E-01
0.62772	5.5303E-01
0.62795	5.5007E-01
0.62818	5.4710E-01
0.62842	5.4414E-01
0.62865	5.4118E-01
0.62888	5.3906E-01
0.62911	5.3610E-01
0.62934	5.3314E-01
0.62957	5.3102E-01
0.62980	5.2890E-01
0.63003	5.2679E-01
0.63026	5.2467E-01
0.63049	5.2255E-01
0.63072	5.2044E-01
0.63096	5.1832E-01
0.63119	5.1621E-01
0.63142	5.1494E-01
0.63165	5.1282E-01
0.63188	5.1155E-01
0.63211	5.1028E-01
0.63234	5.0901E-01
0.63257	5.0774E-01
0.63280	5.0647E-01
0.63304	5.0520E-01
0.63327	5.0393E-01
0.63350	5.0266E-01
0.63373	5.0139E-01
0.63396	5.0097E-01
0.63419	4.9970E-01
0.63442	4.9927E-01
0.63465	4.9885E-01
0.63488	4.9843E-01
0.63512	4.9800E-01
0.63535	4.9758E-01
0.63558	4.9716E-01
0.63581	4.9673E-01
0.63604	4.9631E-01
0.63627	4.9673E-01
0.63650	4.9716E-01
0.63673	4.9758E-01
0.63697	4.9800E-01
0.63720	4.9843E-01
0.63743	4.9885E-01
0.63766	4.9927E-01
0.63789	4.9970E-01
0.63812	5.0097E-01
0.63835	5.0139E-01
0.63859	5.0266E-01
0.63882	5.0393E-01
0.63905	5.0520E-01
0.63928	5.0647E-01
0.63951	5.0859E-01
0.63974	5.0986E-01
0.63997	5.1113E-01
0.64021	5.1240E-01
0.64044	5.1367E-01
0.64067	5.1578E-01
0.64090	5.1705E-01
0.64113	5.1917E-01
0.64136	5.2128E-01
0.64159	5.2255E-01
0.64183	5.2467E-01
0.64206	5.2679E-01
0.64229	5.2806E-01
0.64252	5.3017E-01
0.64275	5.3229E-01
0.64298	5.3356E-01
0.64322	5.3568E-01
0.64345	5.3779E-01
0.64368	5.4076E-01
0.64391	5.4287E-01
0.64414	5.4499E-01
0.64437	5.4795E-01
0.64461	5.5007E-01
0.64484	5.5218E-01
0.64507	5.5515E-01
0.64530	5.5811E-01
0.64553	5.6107E-01
0.64576	5.6404E-01
0.64600	5.6700E-01
0.64623	5.6996E-01
0.64646	5.7377E-01
0.64669	5.7758E-01
0.64692	5.8054E-01
0.64716	5.8351E-01
0.64739	5.8732E-01
0.64762	5.9113E-01
0.64785	5.9494E-01
0.64808	5.9959E-01
0.64831	6.0425E-01
0.64855	6.0890E-01
0.64878	6.1271E-01
0.64901	6.1652E-01
0.64924	6.2118E-01
0.64947	6.2583E-01
0.64971	6.3049E-01
0.64994	6.3515E-01
0.65017	6.3980E-01
0.65040	6.4531E-01
0.65063	6.5081E-01
0.65087	6.5631E-01
0.65110	6.6097E-01
0.65133	6.6562E-01
0.65156	6.7028E-01
0.65179	6.7494E-01
0.65203	6.7959E-01
0.65226	6.8509E-01
0.65249	6.9060E-01
0.65272	6.9610E-01
0.65295	7.0160E-01
0.65319	7.0626E-01
0.65342	7.1091E-01
0.65365	7.1557E-01
0.65388	7.2023E-01
0.65412	7.2488E-01
0.65435	7.2869E-01
0.65458	7.3335E-01
0.65481	7.3800E-01
0.65504	7.4181E-01
0.65528	7.4562E-01
0.65551	7.4943E-01
0.65574	7.5240E-01
0.65597	7.5536E-01
0.65621	7.5832E-01
0.65644	7.6044E-01
0.65667	7.6340E-01
0.65690	7.6552E-01
0.65713	7.6679E-01
0.65737	7.6806E-01
0.65760	7.6848E-01
0.65783	7.6975E-01
0.65806	7.7017E-01
0.65830	7.6975E-01
0.65853	7.6933E-01
0.65876	7.6806E-01
0.65899	7.6679E-01
0.65923	7.6552E-01
0.65946	7.6340E-01
0.65969	7.6044E-01
0.65992	7.5748E-01
0.66016	7.5367E-01
0.66039	7.4901E-01
0.66062	7.4435E-01
0.66085	7.3885E-01
0.66109	7.3335E-01
0.66132	7.2700E-01
0.66155	7.1980E-01
0.66178	7.1261E-01
0.66202	7.0541E-01
0.66225	6.9822E-01
0.66248	6.8933E-01
0.66271	6.8044E-01
0.66295	6.7070E-01
0.66318	6.6097E-01
0.66341	6.5039E-01
0.66364	6.3980E-01
0.66388	6.3007E-01
0.66411	6.1949E-01
0.66434	6.0890E-01
0.66458	5.9748E-01
0.66481	5.8605E-01
0.66504	5.7546E-01
0.66527	5.6404E-01
0.66551	5.5261E-01
0.66574	5.4033E-01
0.66597	5.2890E-01
0.66620	5.1663E-01
0.66644	5.0520E-01
0.66667	4.9292E-01
0.66690	4.8137E-01
0.66714	4.6917E-01
0.66737	4.5689E-01
0.66760	4.4485E-01
0.66783	4.3277E-01
0.66807	4.2098E-01
0.66830	4.0915E-01
0.66853	3.9678E-01
0.66877	3.8519E-01
0.66900	3.7293E-01
0.66923	3.6107E-01
0.66946	3.4928E-01
0.66970	3.3791E-01
0.66993	3.2658E-01
0.67016	3.1554E-01
0.67040	3.0425E-01
0.67063	2.9369E-01
0.67086	2.8267E-01
0.67109	2.7178E-01
0.67133	2.6052E-01
0.67156	2.4956E-01
0.67179	2.3881E-01
0.67203	2.2823E-01
0.67226	2.1735E-01
0.67249	2.0683E-01
0.67273	1.9646E-01
0.67296	1.8575E-01
0.67319	1.7523E-01
0.67343	1.6446E-01
0.67366	1.5405E-01
0.67389	1.4384E-01
0.67412	1.3341E-01
0.67436	1.2339E-01
0.67459	1.1374E-01
0.67482	1.0436E-01
0.67506	9.4723E-02
0.67529	8.4868E-02
0.67552	7.5372E-02
0.67576	6.6216E-02
0.67599	5.7381E-02
0.67622	4.9263E-02
0.67646	4.1833E-02
0.67669	3.5066E-02
0.67692	2.8936E-02
0.67716	2.3420E-02
0.67739	1.8496E-02
0.67762	1.4144E-02
0.67786	1.0343E-02
0.67809	7.0793E-03
0.67832	4.3704E-03
0.67856	2.5941E-03
0.67879	1.2833E-03
0.67902	4.2328E-04
0.67926	0.0000E+00
0.67949	0.0000E+00
0.67972	0.0000E+00
0.67996	0.0000E+00
0.68019	0.0000E+00
0.68042	0.0000E+00
0.68066	0.0000E+00
0.68089	0.0000E+00
0.68112	0.0000E+00
0.68136	0.0000E+00
0.68159	0.0000E+00
0.68182	0.0000E+00
0.68206	0.0000E+00
0.68229	0.0000E+00
0.68253	0.0000E+00
0.68276	0.0000E+00
0.68299	0.0000E+00
0.68323	0.0000E+00
0.68346	0.0000E+00
0.68369	0.0000E+00
0.68393	0.0000E+00
0.68416	0.0000E+00
0.68439	0.0000E+00
0.68463	0.0000E+00
0.68486	0.0000E+00
0.68509	0.0000E+00
0.68533	0.0000E+00
0.68556	0.0000E+00
0.68580	0.0000E+00
0.68603	0.0000E+00
0.68626	0.0000E+00
0.68650	0.0000E+00
0.68673	0.0000E+00
0.68696	0.0000E+00
0.68720	0.0000E+00
0.68743	0.0000E+00
0.68767	0.0000E+00
0.68790	0.0000E+00
0.68813	0.0000E+00
0.68837	0.0000E+00
0.68860	0.0000E+00
0.68883	0.0000E+00
0.68907	0.0000E+00
0.68930	0.0000E+00
0.68954	0.0000E+00
0.68977	0.0000E+00
0.69000	0.0000E+00
0.69024	0.0000E+00
0.69047	0.0000E+00
0.69071	0.0000E+00
0.69094	0.0000E+00
0.69117	0.0000E+00
0.69141	0.0000E+00
0.69164	0.0000E+00
0.69188	0.0000E+00
0.69211	0.0000E+00
0.69234	0.0000E+00
0.69258	0.0000E+00
0.69281	0.0000E+00
0.69305	0.0000E+00
0.69328	0.0000E+00
0.69351	0.0000E+00
0.69375	0.0000E+00
0.69398	0.0000E+00
0.69422	0.0000E+00
0.69445	0.0000E+00
0.69468	0.0000E+00
0.69492	0.0000E+00
0.69515	0.0000E+00
0.69539	0.0000E+00
0.69562	0.0000E+00
0.69586	0.0000E+00
0.69609	0.0000E+00
0.69632	0.0000E+00
0.69656	0.0000E+00
0.69679	0.0000E+00
0.69703	0.0000E+00
0.69726	0.0000E+00
0.69749	0.0000E+00
0.69773	0.0000E+00
0.69796	0.0000E+00
0.69820	0.0000E+00
0.69843	0.0000E+00
0.69867	0.0000E+00
0.69890	0.0000E+00
0.69914	0.0000E+00
0.69937	0.0000E+00
0.69960	0.0000E+00
0.69984	0.0000E+00
0.70007	0.0000E+00
0.70031	0.0000E+00
0.70054	0.0000E+00
0.70078	0.0000E+00
0.70101	0.0000E+00
0.70124	0.0000E+00
0.70148	0.0000E+00
0.70171	0.0000E+00
0.70195	0.0000E+00
0.70218	0.0000E+00
0.70242	0.0000E+00
0.70265	0.0000E+00
0.70289	0.0000E+00
0.70312	0.0000E+00
0.70335	0.0000E+00
0.70359	0.0000E+00
0.70382	0.0000E+00
0.70406	0.0000E+00
0.70429	0.0000E+00
0.70453	0.0000E+00
0.70476	0.0000E+00
0.70500	0.0000E+00
0.70523	0.0000E+00
0.70547	0.0000E+00
0.70570	0.0000E+00
0.70593	0.0000E+00
0.70617	0.0000E+00
0.70640	0.0000E+00
0.70664	0.0000E+00
0.70687	0.0000E+00
0.70711	0.0000E+00
0.70734	0.0000E+00
0.70758	0.0000E+00
0.70781	0.0000E+00
0.70805	0.0000E+00
0.70828	0.0000E+00
0.70852	0.0000E+00
0.70875	0.0000E+00
0.70899	0.0000E+00
0.70922	0.0000E+00
0.70946	0.0000E+00
0.70969	0.0000E+00
0.70993	4.3011E-04
0.71016	8.6022E-04
0.71040	1.2903E-03
0.71063	1.7205E-03
0.71086	2.1577E-03
0.71110	3.0320E-03
0.71133	3.9068E-03
0.71157	4.7957E-03
0.71180	6.1290E-03
0.71204	7.4624E-03
0.71227	8.7968E-03
0.71251	1.0153E-02
0.71274	1.1961E-02
0.71298	1.3769E-02
0.71321	1.5579E-02
0.71345	1.6988E-02
0.71368	1.8856E-02
0.71392	2.0725E-02
0.71415	2.2594E-02
0.71439	2.4459E-02
0.71462	2.5924E-02
0.71486	2.7856E-02
0.71509	2.9775E-02
0.71533	3.1253E-02
0.71556	3.2777E-02
0.71580	3.4776E-02
0.71603	3.6753E-02
0.71627	3.8279E-02
0.71650	3.9804E-02
0.71674	4.1327E-02
0.71698	4.2822E-02
0.71721	4.3864E-02
0.71745	4.4959E-02
0.71768	4.6539E-02
0.71792	4.8116E-02
0.71815	4.9665E-02
0.71839	5.0809E-02
0.71862	5.2446E-02
0.71886	5.4079E-02
0.71909	5.5668E-02
0.71933	5.6791E-02
0.71956	5.7986E-02
0.71980	5.9684E-02
0.72003	6.1382E-02
0.72027	6.3080E-02
0.72050	6.4777E-02
0.72074	6.6469E-02
0.72097	6.8109E-02
0.72121	6.9274E-02
0.72144	7.0508E-02
0.72168	7.2172E-02
0.72192	7.3349E-02
0.72215	7.4546E-02
0.72239	7.5742E-02
0.72262	7.6937E-02
0.72286	7.8122E-02
0.72309	7.9235E-02
0.72333	7.9844E-02
0.72356	8.0454E-02
0.72380	8.1063E-02
0.72403	8.1673E-02
0.72427	8.2283E-02
0.72451	8.2893E-02
0.72474	8.3506E-02
0.72498	8.4125E-02
0.72521	8.4745E-02
0.72545	8.5351E-02
0.72568	8.5885E-02
0.72592	8.5992E-02
0.72615	8.6606E-02
0.72639	8.7140E-02
0.72662	8.7251E-02
0.72686	8.7884E-02
0.72710	8.8518E-02
0.72733	8.9151E-02
0.72757	8.9785E-02
0.72780	9.0418E-02
0.72804	9.1048E-02
0.72827	9.1666E-02
0.72851	9.2207E-02
0.72875	9.2314E-02
0.72898	9.2874E-02
0.72922	9.3079E-02
0.72945	9.4154E-02
0.72969	9.4299E-02
0.72992	9.5057E-02
0.73016	9.6239E-02
0.73040	9.6898E-02
0.73063	9.7557E-02
0.73087	9.8216E-02
0.73110	9.8880E-02
0.73134	9.9561E-02
0.73157	1.0033E-01
0.73181	1.0152E-01
0.73205	1.0218E-01
0.73228	1.0284E-01
0.73252	1.0351E-01
0.73275	1.0421E-01
0.73299	1.0500E-01
0.73322	1.0622E-01
0.73346	1.0691E-01
0.73370	1.0759E-01
0.73393	1.0828E-01
0.73417	1.0896E-01
0.73440	1.0965E-01
0.73464	1.1033E-01
0.73488	1.1099E-01
0.73511	1.1157E-01
0.73535	1.1172E-01
0.73558	1.1241E-01
0.73582	1.1308E-01
0.73606	1.1374E-01
0.73629	1.1429E-01
0.73653	1.1428E-01
0.73676	1.1428E-01
0.73700	1.1425E-01
0.73724	1.1412E-01
0.73747	1.1355E-01
0.73771	1.1343E-01
0.73794	1.1286E-01
0.73818	1.1273E-01
0.73842	1.1216E-01
0.73865	1.1204E-01
0.73889	1.1149E-01
0.73913	1.1149E-01
0.73936	1.1149E-01
0.73960	1.1149E-01
0.73983	1.1149E-01
0.74007	1.1146E-01
0.74031	1.1135E-01
0.74054	1.1082E-01
0.74078	1.1092E-01
0.74101	1.1137E-01
0.74125	1.1092E-01
0.74149	1.1137E-01
0.74172	1.1095E-01
0.74196	1.1149E-01
0.74220	1.1148E-01
0.74243	1.1146E-01
0.74267	1.1133E-01
0.74290	1.1076E-01
0.74314	1.1063E-01
0.74338	1.1007E-01
0.74361	1.0995E-01
0.74385	1.0941E-01
0.74409	1.0938E-01
0.74432	1.0928E-01
0.74456	1.0884E-01
0.74480	1.0925E-01
0.74503	1.0869E-01
0.74527	1.0855E-01
0.74550	1.0790E-01
0.74574	1.0734E-01
0.74598	1.0722E-01
0.74621	1.0666E-01
0.74645	1.0655E-01
0.74669	1.0599E-01
0.74692	1.0587E-01
0.74716	1.0531E-01
0.74740	1.0517E-01
0.74763	1.0450E-01
0.74787	1.0380E-01
0.74811	1.0303E-01
0.74834	1.0184E-01
0.74858	1.0118E-01
0.74882	1.0052E-01
0.74905	9.9865E-02
0.74929	9.9206E-02
0.74952	9.8548E-02
0.74976	9.7889E-02
0.75000	9.7230E-02
0.75023	9.6572E-02
0.75047	9.5919E-02
0.75071	9.5284E-02
0.75094	9.4740E-02
0.75118	9.4641E-02
0.75142	9.4118E-02
0.75165	9.4117E-02
0.75189	9.4117E-02
0.75213	9.4113E-02
0.75236	9.4093E-02
0.75260	9.3990E-02
0.75284	9.3446E-02
0.75307	9.3325E-02
0.75331	9.2692E-02
0.75355	9.2058E-02
0.75379	9.1425E-02
0.75402	9.0791E-02
0.75426	9.0157E-02
0.75450	8.9521E-02
0.75473	8.8871E-02
0.75497	8.8145E-02
0.75521	8.6982E-02
0.75544	8.6243E-02
0.75568	8.5004E-02
0.75592	8.3780E-02
0.75615	8.2641E-02
0.75639	8.1942E-02
0.75663	8.0819E-02
0.75686	8.0209E-02
0.75710	7.9598E-02
0.75734	7.8975E-02
0.75757	7.8284E-02
0.75781	7.7158E-02
0.75805	7.6458E-02
0.75829	7.5277E-02
0.75852	7.4172E-02
0.75876	7.3495E-02
0.75900	7.2333E-02
0.75923	7.1242E-02
0.75947	7.0574E-02
0.75971	6.9421E-02
0.75994	6.8268E-02
0.76018	6.7116E-02
0.76042	6.5963E-02
0.76066	6.4813E-02
0.76089	6.3673E-02
0.76113	6.2602E-02
0.76137	6.1965E-02
0.76160	6.0897E-02
0.76184	6.0262E-02
0.76208	5.9152E-02
0.76232	5.8052E-02
0.76255	5.7013E-02
0.76279	5.6406E-02
0.76303	5.5375E-02
0.76326	5.4830E-02
0.76350	5.4284E-02
0.76374	5.3738E-02
0.76398	5.3186E-02
0.76421	5.2582E-02
0.76445	5.1510E-02
0.76469	5.0439E-02
0.76492	4.9368E-02
0.76516	4.8305E-02
0.76540	4.7302E-02
0.76564	4.6772E-02
0.76587	4.6200E-02
0.76611	4.5202E-02
0.76635	4.4628E-02
0.76658	4.3593E-02
0.76682	4.2559E-02
0.76706	4.1524E-02
0.76730	4.0490E-02
0.76753	3.9459E-02
0.76777	3.8444E-02
0.76801	3.7445E-02
0.76825	3.6446E-02
0.76848	3.5447E-02
0.76872	3.4446E-02
0.76896	3.3417E-02
0.76920	3.1948E-02
0.76943	3.0519E-02
0.76967	2.9516E-02
0.76991	2.8069E-02
0.77015	2.6644E-02
0.77038	2.5219E-02
0.77062	2.3795E-02
0.77086	2.2370E-02
0.77110	2.0935E-02
0.77133	1.9105E-02
0.77157	1.7727E-02
0.77181	1.6349E-02
0.77205	1.4965E-02
0.77228	1.3159E-02
0.77252	1.1381E-02
0.77276	1.0048E-02
0.77300	8.7143E-03
0.77323	7.3820E-03
0.77347	6.0705E-03
0.77371	5.1962E-03
0.77395	4.3219E-03
0.77418	3.4476E-03
0.77442	2.5737E-03
0.77466	1.7135E-03
0.77490	1.2834E-03
0.77513	8.5328E-04
0.77537	4.2328E-04
0.77561	0.0000E+00
0.77585	0.0000E+00
0.77609	0.0000E+00
0.77632	0.0000E+00
0.77656	0.0000E+00
0.77680	0.0000E+00
0.77704	0.0000E+00
0.77727	0.0000E+00
0.77751	0.0000E+00
0.77775	0.0000E+00
0.77799	0.0000E+00
0.77823	0.0000E+00
0.77846	0.0000E+00
0.77870	0.0000E+00
0.77894	0.0000E+00
0.77918	0.0000E+00
0.77941	0.0000E+00
0.77965	0.0000E+00
0.77989	0.0000E+00
0.78013	0.0000E+00
0.78037	0.0000E+00
0.78060	0.0000E+00
0.78084	0.0000E+00
0.78108	0.0000E+00
0.78132	0.0000E+00
0.78156	0.0000E+00
0.78179	0.0000E+00
0.78203	0.0000E+00
0.78227	0.0000E+00
0.78251	0.0000E+00
0.78274	0.0000E+00
0.78298	0.0000E+00
0.78322	0.0000E+00
0.78346	0.0000E+00
0.78370	0.0000E+00
0.78393	0.0000E+00
0.78417	0.0000E+00
0.78441	0.0000E+00
0.78465	0.0000E+00
0.78489	0.0000E+00
0.78513	0.0000E+00
0.78536	0.0000E+00
0.78560	0.0000E+00
0.78584	0.0000E+00
0.78608	0.0000E+00
0.78632	0.0000E+00
0.78655	0.0000E+00
0.78679	0.0000E+00
0.78703	0.0000E+00
0.78727	0.0000E+00
0.78751	0.0000E+00
0.78774	0.0000E+00
0.78798	0.0000E+00
0.78822	0.0000E+00
0.78846	0.0000E+00
0.78870	0.0000E+00
0.78894	0.0000E+00
0.78917	0.0000E+00
0.78941	0.0000E+00
0.78965	0.0000E+00
0.78989	0.0000E+00
0.79013	0.0000E+00
0.79037	0.0000E+00
0.79060	0.0000E+00
0.79084	0.0000E+00
0.79108	0.0000E+00
0.79132	0.0000E+00
0.79156	0.0000E+00
0.79179	0.0000E+00
0.79203	0.0000E+00
0.79227	0.0000E+00
0.79251	0.0000E+00
0.79275	0.0000E+00
0.79299	0.0000E+00
0.79323	0.0000E+00
0.79346	0.0000E+00
0.79370	0.0000E+00
0.79394	0.0000E+00
0.79418	0.0000E+00
0.79442	0.0000E+00
0.79466	0.0000E+00
0.79489	0.0000E+00
0.79513	0.0000E+00
0.79537	0.0000E+00
0.79561	0.0000E+00
0.79585	0.0000E+00
0.79609	0.0000E+00
0.79633	0.0000E+00
0.79656	0.0000E+00
0.79680	0.0000E+00
0.79704	0.0000E+00
0.79728	0.0000E+00
0.79752	0.0000E+00
0.79776	0.0000E+00
0.79800	0.0000E+00
0.79823	0.0000E+00
0.79847	0.0000E+00
0.79871	0.0000E+00
0.79895	0.0000E+00
0.79919	0.0000E+00
0.79943	0.0000E+00
0.79967	0.0000E+00
0.79990	0.0000E+00
0.80014	0.0000E+00
0.80038	0.0000E+00
0.80062	0.0000E+00
0.80086	0.0000E+00
0.80110	0.0000E+00
0.80134	0.0000E+00
0.80158	0.0000E+00
0.80181	0.0000E+00
0.80205	0.0000E+00
0.80229	0.0000E+00
0.80253	0.0000E+00
0.80277	0.0000E+00
0.80301	0.0000E+00
0.80325	0.0000E+00
0.80349	0.0000E+00
0.80372	0.0000E+00
0.80396	0.0000E+00
0.80420	0.0000E+00
0.80444	0.0000E+00
0.80468	0.0000E+00
0.80492	0.0000E+00
0.80516	0.0000E+00
0.80540	0.0000E+00
0.80564	0.0000E+00
0.80587	0.0000E+00
0.80611	0.0000E+00
0.80635	0.0000E+00
0.80659	0.0000E+00
0.80683	0.0000E+00
0.80707	0.0000E+00
0.80731	0.0000E+00
0.80755	0.0000E+00
0.80779	0.0000E+00
0.80802	0.0000E+00
0.80826	0.0000E+00
0.80850	0.0000E+00
0.80874	0.0000E+00
0.80898	0.0000E+00
0.80922	0.0000E+00
0.80946	0.0000E+00
0.80970	0.0000E+00
0.80994	0.0000E+00
0.81018	0.0000E+00
0.81042	0.0000E+00
0.81065	0.0000E+00
0.81089	0.0000E+00
0.81113	0.0000E+00
0.81137	0.0000E+00
0.81161	0.0000E+00
0.81185	0.0000E+00
0.81209	0.0000E+00
0.81233	0.0000E+00
0.81257	0.0000E+00
0.81281	0.0000E+00
0.81305	0.0000E+00
0.81329	0.0000E+00
0.81352	0.0000E+00
0.81376	0.0000E+00
0.81400	0.0000E+00
0.81424	0.0000E+00
0.81448	0.0000E+00
0.81472	0.0000E+00
0.81496	0.0000E+00
0.81520	0.0000E+00
0.81544	0.0000E+00
0.81568	0.0000E+00
0.81592	0.0000E+00
0.81616	0.0000E+00
0.81640	0.0000E+00
0.81664	0.0000E+00
0.81687	0.0000E+00
0.81711	0.0000E+00
0.81735	0.0000E+00
0.81759	0.0000E+00
0.81783	0.0000E+00
0.81807	0.0000E+00
0.81831	0.0000E+00
0.81855	0.0000E+00
0.81879	0.0000E+00
0.81903	0.0000E+00
0.81927	0.0000E+00
0.81951	0.0000E+00
0.81975	0.0000E+00
0.81999	0.0000E+00
0.82023	0.0000E+00
0.82047	0.0000E+00
0.82071	0.0000E+00
0.82094	0.0000E+00
0.82118	0.0000E+00
0.82142	0.0000E+00
0.82166	0.0000E+00
0.82190	0.0000E+00
0.82214	0.0000E+00
0.82238	0.0000E+00
0.82262	0.0000E+00
0.82286	0.0000E+00
0.82310	0.0000E+00
0.82334	0.0000E+00
0.82358	0.0000E+00
0.82382	0.0000E+00
0.82406	0.0000E+00
0.82430	0.0000E+00
0.82454	0.0000E+00
0.82478	0.0000E+00
0.82502	0.0000E+00
0.82526	0.0000E+00
0.82550	0.0000E+00
0.82574	0.0000E+00
0.82598	0.0000E+00
0.82622	0.0000E+00
0.82646	0.0000E+00
0.82670	0.0000E+00
0.82694	0.0000E+00
0.82718	0.0000E+00
0.82741	0.0000E+00
0.82765	0.0000E+00
0.82789	0.0000E+00
0.82813	0.0000E+00
0.82837	0.0000E+00
0.82861	0.0000E+00
0.82885	0.0000E+00
0.82909	0.0000E+00
0.82933	0.0000E+00
0.82957	0.0000E+00
0.82981	0.0000E+00
0.83005	0.0000E+00
0.83029	0.0000E+00
0.83053	0.0000E+00
0.83077	0.0000E+00
0.83101	0.0000E+00
0.83125	0.0000E+00
0.83149	0.0000E+00
0.83173	0.0000E+00
0.83197	0.0000E+00
0.83221	0.0000E+00
0.83245	0.0000E+00
0.83269	0.0000E+00
0.83293	0.0000E+00
0.83317	0.0000E+00
0.83341	0.0000E+00
0.83365	0.0000E+00
0.83389	0.0000E+00
0.83413	0.0000E+00
0.83437	0.0000E+00
0.83461	0.0000E+00
0.83485	0.0000E+00
0.83509	0.0000E+00
0.83533	0.0000E+00
0.83557	0.0000E+00
0.83581	0.0000E+00
0.83605	0.0000E+00
0.83629	0.0000E+00
0.83653	0.0000E+00
0.83677	0.0000E+00
0.83701	0.0000E+00
0.83725	0.0000E+00
0.83749	0.0000E+00
0.83773	0.0000E+00
0.83797	0.0000E+00
0.83821	0.0000E+00
0.83845	0.0000E+00
0.83869	0.0000E+00
0.83893	0.0000E+00
0.83917	0.0000E+00
0.83941	0.0000E+00
0.83965	0.0000E+00
0.83989	0.0000E+00
0.84013	0.0000E+00
0.84037	0.0000E+00
0.84062	0.0000E+00
0.84086	0.0000E+00
0.84110	0.0000E+00
0.84134	0.0000E+00
0.84158	0.0000E+00
0.84182	0.0000E+00
0.84206	0.0000E+00
0.84230	0.0000E+00
0.84254	0.0000E+00
0.84278	0.0000E+00
0.84302	0.0000E+00
0.84326	0.0000E+00
0.84350	0.0000E+00
0.84374	0.0000E+00
0.84398	0.0000E+00
0.84422	0.0000E+00
0.84446	0.0000E+00
0.84470	0.0000E+00
0.84494	0.0000E+00
0.84518	0.0000E+00
0.84542	0.0000E+00
0.84566	0.0000E+00
0.84590	0.0000E+00
0.84614	0.0000E+00
0.84638	0.0000E+00
0.84662	0.0000E+00
0.84686	0.0000E+00
0.84711	0.0000E+00
0.84735	0.0000E+00
0.84759	0.0000E+00
0.84783	0.0000E+00
0.84807	0.0000E+00
0.84831	0.0000E+00
0.84855	0.0000E+00
0.84879	0.0000E+00
0.84903	0.0000E+00
0.84927	0.0000E+00
0.84951	0.0000E+00
0.84975	0.0000E+00
0.84999	0.0000E+00
0.85023	0.0000E+00
0.85047	0.0000E+00
0.85071	0.0000E+00
0.85095	0.0000E+00
0.85120	0.0000E+00
0.85144	0.0000E+00
0.85168	0.0000E+00
0.85192	0.0000E+00
0.85216	0.0000E+00
0.85240	0.0000E+00
0.85264	0.0000E+00
0.85288	0.0000E+00
0.85312	0.0000E+00
0.85336	0.0000E+00
0.85360	0.0000E+00
0.85384	0.0000E+00
0.85408	0.0000E+00
0.85432	0.0000E+00
0.85457	0.0000E+00
0.85481	0.0000E+00
0.85505	0.0000E+00
0.85529	0.0000E+00
0.85553	0.0000E+00
0.85577	0.0000E+00
0.85601	0.0000E+00
0.85625	0.0000E+00
0.85649	0.0000E+00
0.85673	0.0000E+00
0.85697	0.0000E+00