0.290	2.29091
0.291	2.32147
0.292	2.35315
0.293	2.38601
0.294	2.42015
0.295	2.45566
0.296	2.49261
0.297	2.53112
0.298	2.57129
0.299	2.61323
0.300	2.65674
0.301	2.70257
0.302	2.75054
0.303	2.80040
0.304	2.85263
0.305	2.90774
0.306	2.96505
0.307	3.02503
0.308	3.08776
0.309	3.15273
0.310	3.22090
0.311	3.29110
0.312	3.36418
0.313	3.43862
0.314	3.51381
0.315	3.59015
0.316	3.66601
0.317	3.73942
0.318	3.80934
0.319	3.87331
0.320	3.93017
0.321	3.97659
0.322	4.01071
0.323	4.03029
0.324	4.03346
0.325	4.01916
0.326	3.98690
0.327	3.93742
0.328	3.87090
0.329	3.79010
0.330	3.69665
0.331	3.59399
0.332	3.48392
0.333	3.36904
0.334	3.25188
0.335	3.13589
0.336	3.02223
0.337	2.91388
0.338	2.81159
0.339	2.71691
0.340	2.63119
0.341	2.55616
0.342	2.49244
0.343	2.43997
0.344	2.39674
0.345	2.35979
0.346	2.32768
0.347	2.29975
0.348	2.27570
0.349	2.25490
0.350	2.23702
0.351	2.22196
0.352	2.20943
0.353	2.19911
0.354	2.19083
0.355	2.18449
0.356	2.18004
0.357	2.17722
0.358	2.17602
0.359	2.17632
0.360	2.17805
0.361	2.18115
0.362	2.18553
0.363	2.19120
0.364	2.19803
0.365	2.20608
0.366	2.21521
0.367	2.22538
0.368	2.23680
0.369	2.24909
0.370	2.26263
0.371	2.27697
0.372	2.29241
0.373	2.30895
0.374	2.32640
0.375	2.34497
0.376	2.36444
0.377	2.38480
0.378	2.40629
0.379	2.42893
0.380	2.45248
0.381	2.47692
0.382	2.50255
0.383	2.52909
0.384	2.55687
0.385	2.58557
0.386	2.61519
0.387	2.64610
0.388	2.67835
0.389	2.71156
0.390	2.74574
0.391	2.78132
0.392	2.81789
0.393	2.85544
0.394	2.89445
0.395	2.93447
0.396	2.97601
0.397	3.01857
0.398	3.06270
0.399	3.10785
0.400	3.15401
0.401	3.20177
0.402	3.25054
0.403	3.30028
0.404	3.35164
0.405	3.40395
0.406	3.45786
0.407	3.51266
0.408	3.56830
0.409	3.62548
0.410	3.68341
0.411	3.74200
0.412	3.80200
0.413	3.86253
0.414	3.92434
0.415	3.98650
0.416	4.04890
0.417	4.11143
0.418	4.17483
0.419	4.23810
0.420	4.30201
0.421	4.36550
0.422	4.42843
0.423	4.49064
0.424	4.55287
0.425	4.61405
0.426	4.67489
0.427	4.73435
0.428	4.79227
0.429	4.84850
0.430	4.90370
0.431	4.95689
0.432	5.00871
0.433	5.05752
0.434	5.10467
0.435	5.15003
0.436	5.19214
0.437	5.23226
0.438	5.27022
0.439	5.30489
0.440	5.33732
0.441	5.36696
0.442	5.39384
0.443	5.41839
0.444	5.44019
0.445	5.45934
0.446	5.47615
0.447	5.49018
0.448	5.50217
0.449	5.51159
0.450	5.51886
0.451	5.52386
0.452	5.52692
0.453	5.52796
0.454	5.52713
0.455	5.52453
0.456	5.52029
0.457	5.51452
0.458	5.50720
0.459	5.49854
0.460	5.48848
0.461	5.47745
0.462	5.46517
0.463	5.45195
0.464	5.43786
0.465	5.42273
0.466	5.40717
0.467	5.39070
0.468	5.37338
0.469	5.35586
0.470	5.33759
0.471	5.31895
0.472	5.30000
0.473	5.28044
0.474	5.26101
0.475	5.24105
0.476	5.22096
0.477	5.20042
0.478	5.18019
0.479	5.15958
0.480	5.13896
0.481	5.11801
0.482	5.09750
0.483	5.07671
0.484	5.05603
0.485	5.03548
0.486	5.01508
0.487	4.99448
0.488	4.97407
0.489	4.95387
0.490	4.93389
0.491	4.91376
0.492	4.89426
0.493	4.87464
0.494	4.85530
0.495	4.83587
0.496	4.81709
0.497	4.79826
0.498	4.77973
0.499	4.76153
0.500	4.74366
0.501	4.72613
0.502	4.70859
0.503	4.69140
0.504	4.67458
0.505	4.65813
0.506	4.64173
0.507	4.62573
0.508	4.61044
0.509	4.59523
0.510	4.58013
0.511	4.56577
0.512	4.55154
0.513	4.53775
0.514	4.52443
0.515	4.51156
0.516	4.49916
0.517	4.48700
0.518	4.47558
0.519	4.46442
0.520	4.45378
0.521	4.44368
0.522	4.43391
0.523	4.42491
0.524	4.41629
0.525	4.40826
0.526	4.40083
0.527	4.39403
0.528	4.38771
0.529	4.38218
0.530	4.37718
0.531	4.37288
0.532	4.36926
0.533	4.36630
0.534	4.36412
0.535	4.36264
0.536	4.36192
0.537	4.36196
0.538	4.36277
0.539	4.36440
0.540	4.36679
0.541	4.37004
0.542	4.37401
0.543	4.37888
0.544	4.38456
0.545	4.39103
0.546	4.39848
0.547	4.40654
0.548	4.41556
0.549	4.42536
0.550	4.43563
0.551	4.44713
0.552	4.45904
0.553	4.47158
0.554	4.48503
0.555	4.49870
0.556	4.51321
0.557	4.52817
0.558	4.54350
0.559	4.55915
0.560	4.57543
0.561	4.59148
0.562	4.60802
0.563	4.62456
0.564	4.64102
0.565	4.65731
0.566	4.67333
0.567	4.68902
0.568	4.70466
0.569	4.71976
0.570	4.73389
0.571	4.74769
0.572	4.76073
0.573	4.77292
0.574	4.78451
0.575	4.79484
0.576	4.80440
0.577	4.81266
0.578	4.82004
0.579	4.82628
0.580	4.83136
0.581	4.83537
0.582	4.83809
0.583	4.83967
0.584	4.84011
0.585	4.83939
0.586	4.83760
0.587	4.83468
0.588	4.83074
0.589	4.82566
0.590	4.81979
0.591	4.81309
0.592	4.80542
0.593	4.79706
0.594	4.78838
0.595	4.77903
0.596	4.76940
0.597	4.75941
0.598	4.74982
0.599	4.74063
0.600	4.73192
0.601	4.72454
0.602	4.71854
0.603	4.71472
0.604	4.71373
0.605	4.71630
0.606	4.72324
0.607	4.73542
0.608	4.75425
0.609	4.77933
0.610	4.81253
0.611	4.85311
0.612	4.89875
0.613	4.95064
0.614	5.00514
0.615	5.06094
0.616	5.11176
0.617	5.15644
0.618	5.19404
0.619	5.22125
0.620	5.23963
0.621	5.24881
0.622	5.25000
0.623	5.24462
0.624	5.23408
0.625	5.21969
0.626	5.20255
0.627	5.18296
0.628	5.16286
0.629	5.14155
0.630	5.12009
0.631	5.09948
0.632	5.07862
0.633	5.05834
0.634	5.03876
0.635	5.01937
0.636	5.00139
0.637	4.98429
0.638	4.96756
0.639	4.95225
0.640	4.93738
0.641	4.92347
0.642	4.91051
0.643	4.89852
0.644	4.88752
0.645	4.87751
0.646	4.86853
0.647	4.86062
0.648	4.85359
0.649	4.84797
0.650	4.84342
0.651	4.84026
0.652	4.83861
0.653	4.83845
0.654	4.84001
0.655	4.84342
0.656	4.84884
0.657	4.85674
0.658	4.86678
0.659	4.87937
0.660	4.89522
0.661	4.91341
0.662	4.93521
0.663	4.96001
0.664	4.98749
0.665	5.01711
0.666	5.04798
0.667	5.07884
0.668	5.10808
0.669	5.13378
0.670	5.15398
0.671	5.16732
0.672	5.17153
0.673	5.16652
0.674	5.15229
0.675	5.13104
0.676	5.10291
0.677	5.07048
0.678	5.03563
0.679	4.99996
0.680	4.96473
0.681	4.92969
0.682	4.89790
0.683	4.86857
0.684	4.84111
0.685	4.81812
0.686	4.79698
0.687	4.77841
0.688	4.76059
0.689	4.74395
0.690	4.72833
0.691	4.71359
0.692	4.69963
0.693	4.68635
0.694	4.67370
0.695	4.66115
0.696	4.64958
0.697	4.63804
0.698	4.62735
0.699	4.61665
0.700	4.60672
0.701	4.59674
0.702	4.58708
0.703	4.57773
0.704	4.56867
0.705	4.55988
0.706	4.55133
0.707	4.54303
0.708	4.53495
0.709	4.52709
0.710	4.51913
0.711	4.51167
0.712	4.50409
0.713	4.49698
0.714	4.48977
0.715	4.48271
0.716	4.47609
0.717	4.46935
0.718	4.46275
0.719	4.45629
0.720	4.44997
0.721	4.44378
0.722	4.43745
0.723	4.43151
0.724	4.42568
0.725	4.41996
0.726	4.41412
0.727	4.40861
0.728	4.40298
0.729	4.39745
0.730	4.39224
0.731	4.38691
0.732	4.38166
0.733	4.37651
0.734	4.37144
0.735	4.36646
0.736	4.36157
0.737	4.35675
0.738	4.35201
0.739	4.34734
0.740	4.34256
0.741	4.33804
0.742	4.33340
0.743	4.32902
0.744	4.32452
0.745	4.32027
0.746	4.31590
0.747	4.31159
0.748	4.30736
0.749	4.30336
0.750	4.29924
0.751	4.29517
0.752	4.29117
0.753	4.28722
0.754	4.28315
0.755	4.27931
0.756	4.27552
0.757	4.27179
0.758	4.26793
0.759	4.26430
0.760	4.26054
0.761	4.25700
0.762	4.25335
0.763	4.24974
0.764	4.24633
0.765	4.24281
0.766	4.23934
0.767	4.23591
0.768	4.23252
0.769	4.22918
0.770	4.22588
0.771	4.22261
0.772	4.21939
0.773	4.21620
0.774	4.21291
0.775	4.20980
0.776	4.20673
0.777	4.20355
0.778	4.20055
0.779	4.19744
0.780	4.19451
0.781	4.19148
0.782	4.18847
0.783	4.18551
0.784	4.18271
0.785	4.17981
0.786	4.17694
0.787	4.17410
0.788	4.17129
0.789	4.16852
0.790	4.16578
0.791	4.16306
0.792	4.16024
0.793	4.15759
0.794	4.15496
0.795	4.15236
0.796	4.14966
0.797	4.14712
0.798	4.14447
0.799	4.14198
0.800	4.13939
