0.39697	3.9524E+00
0.39719	3.6825E+00
0.39741	3.6590E+00
0.39762	3.6381E+00
0.39784	3.6222E+00
0.39806	3.6139E+00
0.39827	3.6051E+00
0.39849	3.5987E+00
0.39871	3.5727E+00
0.39893	3.5746E+00
0.39914	3.5727E+00
0.39936	3.5695E+00
0.39958	3.5651E+00
0.39980	3.5619E+00
0.40001	3.5600E+00
0.40023	3.5581E+00
0.40045	3.5549E+00
0.40066	3.5505E+00
0.40088	3.5473E+00
0.40110	3.5441E+00
0.40132	3.5422E+00
0.40153	3.5390E+00
0.40175	3.5371E+00
0.40197	3.5340E+00
0.40219	3.5333E+00
0.40240	3.5289E+00
0.40262	3.5232E+00
0.40284	3.5175E+00
0.40306	3.5130E+00
0.40327	3.5086E+00
0.40349	3.5041E+00
0.40371	3.4997E+00
0.40393	3.4965E+00
0.40414	3.4921E+00
0.40436	3.4876E+00
0.40458	3.4819E+00
0.40480	3.4762E+00
0.40501	3.4705E+00
0.40523	3.4635E+00
0.40545	3.4552E+00
0.40567	3.4495E+00
0.40589	3.4425E+00
0.40610	3.4368E+00
0.40632	3.4298E+00
0.40654	3.4229E+00
0.40676	3.4171E+00
0.40697	3.4114E+00
0.40719	3.4057E+00
0.40741	3.4000E+00
0.40763	3.3943E+00
0.40785	3.3886E+00
0.40806	3.3841E+00
0.40828	3.3784E+00
0.40850	3.3752E+00
0.40872	3.3721E+00
0.40894	3.3676E+00
0.40915	3.3657E+00
0.40937	3.3638E+00
0.40959	3.3619E+00
0.40981	3.3613E+00
0.41002	3.3594E+00
0.41024	3.3587E+00
0.41046	3.3581E+00
0.41068	3.3587E+00
0.41090	3.3594E+00
0.41111	3.3613E+00
0.41133	3.3619E+00
0.41155	3.3638E+00
0.41177	3.3657E+00
0.41199	3.3689E+00
0.41221	3.3721E+00
0.41242	3.3752E+00
0.41264	3.3784E+00
0.41286	3.3816E+00
0.41308	3.3848E+00
0.41330	3.3892E+00
0.41351	3.3924E+00
0.41373	3.3956E+00
0.41395	3.3987E+00
0.41417	3.4032E+00
0.41439	3.4063E+00
0.41461	3.4108E+00
0.41482	3.4140E+00
0.41504	3.4171E+00
0.41526	3.4203E+00
0.41548	3.4235E+00
0.41570	3.4267E+00
0.41592	3.4298E+00
0.41613	3.4330E+00
0.41635	3.4362E+00
0.41657	3.4394E+00
0.41679	3.4438E+00
0.41701	3.4483E+00
0.41723	3.4527E+00
0.41745	3.4559E+00
0.41766	3.4603E+00
0.41788	3.4648E+00
0.41810	3.4705E+00
0.41832	3.4762E+00
0.41854	3.4819E+00
0.41876	3.4889E+00
0.41897	3.4959E+00
0.41919	3.5029E+00
0.41941	3.5111E+00
0.41963	3.5194E+00
0.41985	3.5276E+00
0.42007	3.5359E+00
0.42029	3.5441E+00
0.42051	3.5524E+00
0.42072	3.5619E+00
0.42094	3.5714E+00
0.42116	3.5797E+00
0.42138	3.5879E+00
0.42160	3.5975E+00
0.42182	3.6070E+00
0.42204	3.6165E+00
0.42226	3.6260E+00
0.42247	3.6356E+00
0.42269	3.6463E+00
0.42291	3.6571E+00
0.42313	3.6679E+00
0.42335	3.6787E+00
0.42357	3.6895E+00
0.42379	3.7003E+00
0.42401	3.7111E+00
0.42423	3.7219E+00
0.42444	3.7340E+00
0.42466	3.7460E+00
0.42488	3.7568E+00
0.42510	3.7676E+00
0.42532	3.7784E+00
0.42554	3.7892E+00
0.42576	3.8000E+00
0.42598	3.8095E+00
0.42620	3.8190E+00
0.42642	3.8286E+00
0.42663	3.8381E+00
0.42685	3.8476E+00
0.42707	3.8571E+00
0.42729	3.8667E+00
0.42751	3.8775E+00
0.42773	3.8883E+00
0.42795	3.8990E+00
0.42817	3.9111E+00
0.42839	3.9232E+00
0.42861	3.9352E+00
0.42883	3.9473E+00
0.42905	3.9594E+00
0.42927	3.9714E+00
0.42948	3.9835E+00
0.42970	3.9956E+00
0.42992	4.0076E+00
0.43014	4.0197E+00
0.43036	4.0330E+00
0.43058	4.0463E+00
0.43080	4.0584E+00
0.43102	4.0705E+00
0.43124	4.0838E+00
0.43146	4.0959E+00
0.43168	4.1079E+00
0.43190	4.1200E+00
0.43212	4.1321E+00
0.43234	4.1441E+00
0.43256	4.1562E+00
0.43278	4.1683E+00
0.43300	4.1803E+00
0.43321	4.1937E+00
0.43343	4.2070E+00
0.43365	4.2190E+00
0.43387	4.2311E+00
0.43409	4.2432E+00
0.43431	4.2552E+00
0.43453	4.2660E+00
0.43475	4.2768E+00
0.43497	4.2876E+00
0.43519	4.2984E+00
0.43541	4.3092E+00
0.43563	4.3213E+00
0.43585	4.3333E+00
0.43607	4.3454E+00
0.43629	4.3575E+00
0.43651	4.3683E+00
0.43673	4.3790E+00
0.43695	4.3898E+00
0.43717	4.4006E+00
0.43739	4.4114E+00
0.43761	4.4222E+00
0.43783	4.4343E+00
0.43805	4.4463E+00
0.43827	4.4571E+00
0.43849	4.4692E+00
0.43871	4.4813E+00
0.43893	4.4921E+00
0.43915	4.5041E+00
0.43937	4.5162E+00
0.43959	4.5283E+00
0.43981	4.5416E+00
0.44003	4.5549E+00
0.44025	4.5683E+00
0.44047	4.5829E+00
0.44069	4.5975E+00
0.44091	4.6121E+00
0.44113	4.6254E+00
0.44135	4.6387E+00
0.44157	4.6533E+00
0.44179	4.6667E+00
0.44201	4.6800E+00
0.44223	4.6933E+00
0.44245	4.7054E+00
0.44267	4.7175E+00
0.44289	4.7295E+00
0.44311	4.7403E+00
0.44333	4.7511E+00
0.44355	4.7632E+00
0.44377	4.7740E+00
0.44399	4.7848E+00
0.44421	4.7956E+00
0.44443	4.8063E+00
0.44465	4.8171E+00
0.44487	4.8292E+00
0.44509	4.8413E+00
0.44531	4.8533E+00
0.44553	4.8654E+00
0.44575	4.8775E+00
0.44597	4.8908E+00
0.44619	4.9041E+00
0.44641	4.9175E+00
0.44663	4.9308E+00
0.44685	4.9429E+00
0.44707	4.9549E+00
0.44729	4.9683E+00
0.44752	4.9816E+00
0.44774	4.9949E+00
0.44796	5.0083E+00
0.44818	5.0216E+00
0.44840	5.0349E+00
0.44862	5.0483E+00
0.44884	5.0629E+00
0.44906	5.0775E+00
0.44928	5.0908E+00
0.44950	5.1041E+00
0.44972	5.1175E+00
0.44994	5.1308E+00
0.45016	5.1454E+00
0.45038	5.1600E+00
0.45060	5.1733E+00
0.45082	5.1867E+00
0.45104	5.2000E+00
0.45127	5.2146E+00
0.45149	5.2279E+00
0.45171	5.2413E+00
0.45193	5.2546E+00
0.45215	5.2667E+00
0.45237	5.2787E+00
0.45259	5.2908E+00
0.45281	5.3029E+00
0.45303	5.3149E+00
0.45325	5.3270E+00
0.45347	5.3390E+00
0.45369	5.3511E+00
0.45391	5.3619E+00
0.45414	5.3727E+00
0.45436	5.3848E+00
0.45458	5.3956E+00
0.45480	5.4063E+00
0.45502	5.4171E+00
0.45524	5.4279E+00
0.45546	5.4387E+00
0.45568	5.4495E+00
0.45590	5.4603E+00
0.45612	5.4711E+00
0.45635	5.4832E+00
0.45657	5.4952E+00
0.45679	5.5060E+00
0.45701	5.5168E+00
0.45723	5.5289E+00
0.45745	5.5410E+00
0.45767	5.5517E+00
0.45789	5.5613E+00
0.45811	5.5721E+00
0.45834	5.5829E+00
0.45856	5.5937E+00
0.45878	5.6044E+00
0.45900	5.6152E+00
0.45922	5.6260E+00
0.45944	5.6356E+00
0.45966	5.6451E+00
0.45988	5.6546E+00
0.46010	5.6629E+00
0.46033	5.6711E+00
0.46055	5.6794E+00
0.46077	5.6876E+00
0.46099	5.6959E+00
0.46121	5.7054E+00
0.46143	5.7137E+00
0.46165	5.7219E+00
0.46188	5.7302E+00
0.46210	5.7384E+00
0.46232	5.7454E+00
0.46254	5.7524E+00
0.46276	5.7606E+00
0.46298	5.7676E+00
0.46320	5.7733E+00
0.46343	5.7803E+00
0.46365	5.7873E+00
0.46387	5.7943E+00
0.46409	5.8013E+00
0.46431	5.8083E+00
0.46453	5.8152E+00
0.46475	5.8222E+00
0.46498	5.8279E+00
0.46520	5.8337E+00
0.46542	5.8394E+00
0.46564	5.8451E+00
0.46586	5.8508E+00
0.46608	5.8565E+00
0.46631	5.8622E+00
0.46653	5.8679E+00
0.46675	5.8737E+00
0.46697	5.8794E+00
0.46719	5.8838E+00
0.46741	5.8883E+00
0.46764	5.8927E+00
0.46786	5.8971E+00
0.46808	5.9003E+00
0.46830	5.9048E+00
0.46852	5.9092E+00
0.46875	5.9124E+00
0.46897	5.9156E+00
0.46919	5.9187E+00
0.46941	5.9219E+00
0.46963	5.9238E+00
0.46985	5.9270E+00
0.47008	5.9302E+00
0.47030	5.9321E+00
0.47052	5.9352E+00
0.47074	5.9384E+00
0.47096	5.9403E+00
0.47119	5.9422E+00
0.47141	5.9441E+00
0.47163	5.9460E+00
0.47185	5.9467E+00
0.47207	5.9486E+00
0.47230	5.9517E+00
0.47252	5.9537E+00
0.47274	5.9543E+00
0.47296	5.9562E+00
0.47318	5.9568E+00
0.47341	5.9575E+00
0.47363	5.9594E+00
0.47385	5.9600E+00
0.47407	5.9606E+00
0.47430	5.9613E+00
0.47452	5.9606E+00
0.47474	5.9613E+00
0.47496	5.9606E+00
0.47518	5.9613E+00
0.47541	5.9606E+00
0.47563	5.9600E+00
0.47585	5.9594E+00
0.47607	5.9600E+00
0.47630	5.9594E+00
0.47652	5.9600E+00
0.47674	5.9594E+00
0.47696	5.9587E+00
0.47718	5.9581E+00
0.47741	5.9562E+00
0.47763	5.9556E+00
0.47785	5.9549E+00
0.47807	5.9543E+00
0.47830	5.9537E+00
0.47852	5.9530E+00
0.47874	5.9524E+00
0.47896	5.9505E+00
0.47919	5.9498E+00
0.47941	5.9479E+00
0.47963	5.9473E+00
0.47985	5.9454E+00
0.48008	5.9435E+00
0.48030	5.9416E+00
0.48052	5.9397E+00
0.48074	5.9390E+00
0.48097	5.9371E+00
0.48119	5.9365E+00
0.48141	5.9346E+00
0.48163	5.9327E+00
0.48186	5.9308E+00
0.48208	5.9289E+00
0.48230	5.9270E+00
0.48253	5.9251E+00
0.48275	5.9232E+00
0.48297	5.9200E+00
0.48319	5.9181E+00
0.48342	5.9162E+00
0.48364	5.9143E+00
0.48386	5.9124E+00
0.48408	5.9092E+00
0.48431	5.9073E+00
0.48453	5.9041E+00
0.48475	5.9010E+00
0.48498	5.8990E+00
0.48520	5.8959E+00
0.48542	5.8940E+00
0.48564	5.8921E+00
0.48587	5.8889E+00
0.48609	5.8870E+00
0.48631	5.8851E+00
0.48654	5.8819E+00
0.48676	5.8800E+00
0.48698	5.8768E+00
0.48720	5.8749E+00
0.48743	5.8730E+00
0.48765	5.8698E+00
0.48787	5.8667E+00
0.48810	5.8648E+00
0.48832	5.8616E+00
0.48854	5.8584E+00
0.48877	5.8552E+00
0.48899	5.8521E+00
0.48921	5.8489E+00
0.48943	5.8457E+00
0.48966	5.8425E+00
0.48988	5.8406E+00
0.49010	5.8375E+00
0.49033	5.8343E+00
0.49055	5.8311E+00
0.49077	5.8279E+00
0.49100	5.8248E+00
0.49122	5.8229E+00
0.49144	5.8197E+00
0.49167	5.8165E+00
0.49189	5.8146E+00
0.49211	5.8114E+00
0.49234	5.8095E+00
0.49256	5.8076E+00
0.49278	5.8044E+00
0.49301	5.8013E+00
0.49323	5.7981E+00
0.49345	5.7949E+00
0.49368	5.7930E+00
0.49390	5.7898E+00
0.49412	5.7867E+00
0.49435	5.7848E+00
0.49457	5.7816E+00
0.49479	5.7784E+00
0.49502	5.7765E+00
0.49524	5.7733E+00
0.49546	5.7714E+00
0.49569	5.7683E+00
0.49591	5.7651E+00
0.49613	5.7619E+00
0.49636	5.7600E+00
0.49658	5.7568E+00
0.49680	5.7537E+00
0.49703	5.7505E+00
0.49725	5.7473E+00
0.49748	5.7441E+00
0.49770	5.7410E+00
0.49792	5.7378E+00
0.49815	5.7346E+00
0.49837	5.7302E+00
0.49859	5.7270E+00
0.49882	5.7225E+00
0.49904	5.7194E+00
0.49926	5.7162E+00
0.49949	5.7130E+00
0.49971	5.7098E+00
0.49994	5.7067E+00
0.50016	5.7035E+00
0.50038	5.6990E+00
0.50061	5.6959E+00
0.50083	5.6927E+00
0.50105	5.6883E+00
0.50128	5.6838E+00
0.50150	5.6806E+00
0.50173	5.6775E+00
0.50195	5.6730E+00
0.50217	5.6686E+00
0.50240	5.6641E+00
0.50262	5.6597E+00
0.50285	5.6552E+00
0.50307	5.6508E+00
0.50329	5.6463E+00
0.50352	5.6419E+00
0.50374	5.6387E+00
0.50397	5.6343E+00
0.50419	5.6298E+00
0.50441	5.6254E+00
0.50464	5.6222E+00
0.50486	5.6178E+00
0.50509	5.6133E+00
0.50531	5.6102E+00
0.50553	5.6070E+00
0.50576	5.6025E+00
0.50598	5.5981E+00
0.50621	5.5949E+00
0.50643	5.5905E+00
0.50665	5.5860E+00
0.50688	5.5829E+00
0.50710	5.5784E+00
0.50733	5.5740E+00
0.50755	5.5708E+00
0.50778	5.5676E+00
0.50800	5.5632E+00
0.50822	5.5587E+00
0.50845	5.5556E+00
0.50867	5.5511E+00
0.50890	5.5467E+00
0.50912	5.5422E+00
0.50934	5.5390E+00
0.50957	5.5346E+00
0.50979	5.5302E+00
0.51002	5.5257E+00
0.51024	5.5213E+00
0.51047	5.5168E+00
0.51069	5.5124E+00
0.51092	5.5079E+00
0.51114	5.5035E+00
0.51136	5.4990E+00
0.51159	5.4946E+00
0.51181	5.4902E+00
0.51204	5.4857E+00
0.51226	5.4813E+00
0.51249	5.4768E+00
0.51271	5.4724E+00
0.51294	5.4679E+00
0.51316	5.4635E+00
0.51338	5.4603E+00
0.51361	5.4559E+00
0.51383	5.4514E+00
0.51406	5.4470E+00
0.51428	5.4413E+00
0.51451	5.4368E+00
0.51473	5.4324E+00
0.51496	5.4279E+00
0.51518	5.4235E+00
0.51541	5.4190E+00
0.51563	5.4146E+00
0.51586	5.4102E+00
0.51608	5.4044E+00
0.51630	5.4000E+00
0.51653	5.3956E+00
0.51675	5.3898E+00
0.51698	5.3841E+00
0.51720	5.3797E+00
0.51743	5.3752E+00
0.51765	5.3708E+00
0.51788	5.3651E+00
0.51810	5.3606E+00
0.51833	5.3562E+00
0.51855	5.3505E+00
0.51878	5.3448E+00
0.51900	5.3390E+00
0.51923	5.3346E+00
0.51945	5.3302E+00
0.51968	5.3244E+00
0.51990	5.3187E+00
0.52013	5.3143E+00
0.52035	5.3098E+00
0.52058	5.3041E+00
0.52080	5.2984E+00
0.52103	5.2927E+00
0.52125	5.2883E+00
0.52148	5.2825E+00
0.52170	5.2768E+00
0.52193	5.2711E+00
0.52215	5.2667E+00
0.52238	5.2622E+00
0.52260	5.2565E+00
0.52283	5.2508E+00
0.52305	5.2463E+00
0.52328	5.2419E+00
0.52350	5.2362E+00
0.52373	5.2305E+00
0.52395	5.2248E+00
0.52418	5.2203E+00
0.52440	5.2159E+00
0.52463	5.2102E+00
0.52485	5.2044E+00
0.52508	5.2000E+00
0.52530	5.1956E+00
0.52553	5.1898E+00
0.52575	5.1841E+00
0.52598	5.1784E+00
0.52621	5.1727E+00
0.52643	5.1670E+00
0.52666	5.1613E+00
0.52688	5.1556E+00
0.52711	5.1498E+00
0.52733	5.1454E+00
0.52756	5.1397E+00
0.52778	5.1340E+00
0.52801	5.1283E+00
0.52823	5.1225E+00
0.52846	5.1168E+00
0.52868	5.1111E+00
0.52891	5.1054E+00
0.52914	5.0997E+00
0.52936	5.0952E+00
0.52959	5.0908E+00
0.52981	5.0851E+00
0.53004	5.0794E+00
0.53026	5.0737E+00
0.53049	5.0692E+00
0.53071	5.0635E+00
0.53094	5.0578E+00
0.53117	5.0533E+00
0.53139	5.0489E+00
0.53162	5.0444E+00
0.53184	5.0387E+00
0.53207	5.0343E+00
0.53229	5.0298E+00
0.53252	5.0254E+00
0.53274	5.0210E+00
0.53297	5.0165E+00
0.53320	5.0121E+00
0.53342	5.0089E+00
0.53365	5.0057E+00
0.53387	5.0013E+00
0.53410	4.9981E+00
0.53432	4.9949E+00
0.53455	4.9905E+00
0.53478	4.9873E+00
0.53500	4.9841E+00
0.53523	4.9810E+00
0.53545	4.9778E+00
0.53568	4.9746E+00
0.53591	4.9714E+00
0.53613	4.9683E+00
0.53636	4.9651E+00
0.53658	4.9619E+00
0.53681	4.9587E+00
0.53704	4.9568E+00
0.53726	4.9549E+00
0.53749	4.9517E+00
0.53771	4.9498E+00
0.53794	4.9479E+00
0.53816	4.9460E+00
0.53839	4.9441E+00
0.53862	4.9435E+00
0.53884	4.9416E+00
0.53907	4.9410E+00
0.53930	4.9403E+00
0.53952	4.9397E+00
0.53975	4.9390E+00
0.53997	4.9397E+00
0.54020	4.9390E+00
0.54043	4.9384E+00
0.54065	4.9390E+00
0.54088	4.9397E+00
0.54110	4.9403E+00
0.54133	4.9410E+00
0.54156	4.9416E+00
0.54178	4.9435E+00
0.54201	4.9441E+00
0.54223	4.9460E+00
0.54246	4.9479E+00
0.54269	4.9498E+00
0.54291	4.9517E+00
0.54314	4.9537E+00
0.54337	4.9556E+00
0.54359	4.9587E+00
0.54382	4.9606E+00
0.54405	4.9625E+00
0.54427	4.9644E+00
0.54450	4.9663E+00
0.54472	4.9695E+00
0.54495	4.9714E+00
0.54518	4.9733E+00
0.54540	4.9765E+00
0.54563	4.9784E+00
0.54586	4.9803E+00
0.54608	4.9835E+00
0.54631	4.9854E+00
0.54654	4.9886E+00
0.54676	4.9917E+00
0.54699	4.9937E+00
0.54722	4.9968E+00
0.54744	4.9987E+00
0.54767	5.0019E+00
0.54789	5.0051E+00
0.54812	5.0070E+00
0.54835	5.0102E+00
0.54857	5.0133E+00
0.54880	5.0152E+00
0.54903	5.0184E+00
0.54925	5.0203E+00
0.54948	5.0222E+00
0.54971	5.0254E+00
0.54993	5.0273E+00
0.55016	5.0292E+00
0.55039	5.0324E+00
0.55061	5.0343E+00
0.55084	5.0375E+00
0.55107	5.0406E+00
0.55129	5.0425E+00
0.55152	5.0457E+00
0.55175	5.0476E+00
0.55197	5.0495E+00
0.55220	5.0527E+00
0.55243	5.0546E+00
0.55266	5.0578E+00
0.55288	5.0597E+00
0.55311	5.0616E+00
0.55334	5.0635E+00
0.55356	5.0654E+00
0.55379	5.0660E+00
0.55402	5.0679E+00
0.55424	5.0698E+00
0.55447	5.0705E+00
0.55470	5.0724E+00
0.55492	5.0730E+00
0.55515	5.0749E+00
0.55538	5.0768E+00
0.55560	5.0775E+00
0.55583	5.0794E+00
0.55606	5.0800E+00
0.55629	5.0819E+00
0.55651	5.0825E+00
0.55674	5.0844E+00
0.55697	5.0851E+00
0.55719	5.0870E+00
0.55742	5.0876E+00
0.55765	5.0883E+00
0.55788	5.0889E+00
0.55810	5.0895E+00
0.55833	5.0902E+00
0.55856	5.0908E+00
0.55878	5.0902E+00
0.55901	5.0895E+00
0.55924	5.0889E+00
0.55947	5.0883E+00
0.55969	5.0876E+00
0.55992	5.0870E+00
0.56015	5.0863E+00
0.56037	5.0857E+00
0.56060	5.0851E+00
0.56083	5.0844E+00
0.56106	5.0825E+00
0.56128	5.0819E+00
0.56151	5.0800E+00
0.56174	5.0781E+00
0.56197	5.0762E+00
0.56219	5.0743E+00
0.56242	5.0737E+00
0.56265	5.0717E+00
0.56287	5.0698E+00
0.56310	5.0679E+00
0.56333	5.0660E+00
0.56356	5.0629E+00
0.56378	5.0610E+00
0.56401	5.0578E+00
0.56424	5.0546E+00
0.56447	5.0527E+00
0.56469	5.0495E+00
0.56492	5.0463E+00
0.56515	5.0432E+00
0.56538	5.0400E+00
0.56560	5.0368E+00
0.56583	5.0324E+00
0.56606	5.0292E+00
0.56629	5.0260E+00
0.56651	5.0216E+00
0.56674	5.0171E+00
0.56697	5.0140E+00
0.56720	5.0095E+00
0.56743	5.0051E+00
0.56765	5.0006E+00
0.56788	4.9962E+00
0.56811	4.9917E+00
0.56834	4.9873E+00
0.56856	4.9829E+00
0.56879	4.9771E+00
0.56902	4.9714E+00
0.56925	4.9670E+00
0.56947	4.9613E+00
0.56970	4.9556E+00
0.56993	4.9498E+00
0.57016	4.9441E+00
0.57039	4.9371E+00
0.57061	4.9314E+00
0.57084	4.9257E+00
0.57107	4.9200E+00
0.57130	4.9130E+00
0.57152	4.9060E+00
0.57175	4.8990E+00
0.57198	4.8921E+00
0.57221	4.8851E+00
0.57244	4.8781E+00
0.57266	4.8711E+00
0.57289	4.8641E+00
0.57312	4.8571E+00
0.57335	4.8502E+00
0.57358	4.8432E+00
0.57380	4.8362E+00
0.57403	4.8279E+00
0.57426	4.8197E+00
0.57449	4.8114E+00
0.57472	4.8032E+00
0.57494	4.7949E+00
0.57517	4.7867E+00
0.57540	4.7784E+00
0.57563	4.7702E+00
0.57586	4.7619E+00
0.57608	4.7524E+00
0.57631	4.7429E+00
0.57654	4.7333E+00
0.57677	4.7238E+00
0.57700	4.7143E+00
0.57723	4.7048E+00
0.57745	4.6965E+00
0.57768	4.6883E+00
0.57791	4.6787E+00
0.57814	4.6705E+00
0.57837	4.6622E+00
0.57860	4.6540E+00
0.57882	4.6457E+00
0.57905	4.6375E+00
0.57928	4.6292E+00
0.57951	4.6210E+00
0.57974	4.6127E+00
0.57996	4.6044E+00
0.58019	4.5962E+00
0.58042	4.5879E+00
0.58065	4.5797E+00
0.58088	4.5702E+00
0.58111	4.5606E+00
0.58134	4.5524E+00
0.58156	4.5429E+00
0.58179	4.5333E+00
0.58202	4.5238E+00
0.58225	4.5156E+00
0.58248	4.5073E+00
0.58271	4.4990E+00
0.58293	4.4908E+00
0.58316	4.4825E+00
0.58339	4.4743E+00
0.58362	4.4673E+00
0.58385	4.4603E+00
0.58408	4.4533E+00
0.58431	4.4463E+00
0.58453	4.4394E+00
0.58476	4.4324E+00
0.58499	4.4267E+00
0.58522	4.4210E+00
0.58545	4.4152E+00
0.58568	4.4083E+00
0.58591	4.4013E+00
0.58613	4.3956E+00
0.58636	4.3898E+00
0.58659	4.3841E+00
0.58682	4.3784E+00
0.58705	4.3727E+00
0.58728	4.3670E+00
0.58751	4.3613E+00
0.58774	4.3568E+00
0.58796	4.3524E+00
0.58819	4.3479E+00
0.58842	4.3435E+00
0.58865	4.3390E+00
0.58888	4.3359E+00
0.58911	4.3327E+00
0.58934	4.3295E+00
0.58957	4.3263E+00
0.58979	4.3232E+00
0.59002	4.3213E+00
0.59025	4.3194E+00
0.59048	4.3175E+00
0.59071	4.3156E+00
0.59094	4.3149E+00
0.59117	4.3130E+00
0.59140	4.3124E+00
0.59163	4.3117E+00
0.59185	4.3111E+00
0.59208	4.3105E+00
0.59231	4.3098E+00
0.59254	4.3092E+00
0.59277	4.3098E+00
0.59300	4.3092E+00
0.59323	4.3098E+00
0.59346	4.3105E+00
0.59369	4.3111E+00
0.59392	4.3117E+00
0.59415	4.3124E+00
0.59437	4.3130E+00
0.59460	4.3149E+00
0.59483	4.3168E+00
0.59506	4.3187E+00
0.59529	4.3206E+00
0.59552	4.3238E+00
0.59575	4.3257E+00
0.59598	4.3289E+00
0.59621	4.3321E+00
0.59644	4.3365E+00
0.59667	4.3397E+00
0.59690	4.3429E+00
0.59712	4.3473E+00
0.59735	4.3517E+00
0.59758	4.3575E+00
0.59781	4.3619E+00
0.59804	4.3663E+00
0.59827	4.3708E+00
0.59850	4.3765E+00
0.59873	4.3822E+00
0.59896	4.3879E+00
0.59919	4.3949E+00
0.59942	4.4019E+00
0.59965	4.4089E+00
0.59988	4.4159E+00
0.60011	4.4241E+00
0.60034	4.4324E+00
0.60056	4.4406E+00
0.60079	4.4489E+00
0.60102	4.4571E+00
0.60125	4.4667E+00
0.60148	4.4762E+00
0.60171	4.4857E+00
0.60194	4.4952E+00
0.60217	4.5048E+00
0.60240	4.5143E+00
0.60263	4.5238E+00
0.60286	4.5333E+00
0.60309	4.5429E+00
0.60332	4.5524E+00
0.60355	4.5619E+00
0.60378	4.5714E+00
0.60401	4.5822E+00
0.60424	4.5930E+00
0.60447	4.6038E+00
0.60470	4.6146E+00
0.60493	4.6254E+00
0.60516	4.6362E+00
0.60539	4.6470E+00
0.60562	4.6578E+00
0.60585	4.6686E+00
0.60607	4.6794E+00
0.60630	4.6902E+00
0.60653	4.7010E+00
0.60676	4.7117E+00
0.60699	4.7225E+00
0.60722	4.7333E+00
0.60745	4.7429E+00
0.60768	4.7524E+00
0.60791	4.7619E+00
0.60814	4.7714E+00
0.60837	4.7810E+00
0.60860	4.7905E+00
0.60883	4.8000E+00
0.60906	4.8095E+00
0.60929	4.8190E+00
0.60952	4.8273E+00
0.60975	4.8356E+00
0.60998	4.8438E+00
0.61021	4.8521E+00
0.61044	4.8603E+00
0.61067	4.8686E+00
0.61090	4.8768E+00
0.61113	4.8851E+00
0.61136	4.8921E+00
0.61159	4.8990E+00
0.61182	4.9060E+00
0.61205	4.9130E+00
0.61228	4.9200E+00
0.61251	4.9257E+00
0.61274	4.9314E+00
0.61297	4.9384E+00
0.61320	4.9441E+00
0.61343	4.9498E+00
0.61366	4.9556E+00
0.61389	4.9613E+00
0.61412	4.9657E+00
0.61435	4.9702E+00
0.61458	4.9733E+00
0.61481	4.9778E+00
0.61504	4.9822E+00
0.61527	4.9854E+00
0.61550	4.9886E+00
0.61573	4.9917E+00
0.61596	4.9949E+00
0.61619	4.9981E+00
0.61642	5.0000E+00
0.61666	5.0032E+00
0.61689	5.0051E+00
0.61712	5.0070E+00
0.61735	5.0076E+00
0.61758	5.0095E+00
0.61781	5.0102E+00
0.61804	5.0121E+00
0.61827	5.0127E+00
0.61850	5.0133E+00
0.61873	5.0140E+00
0.61896	5.0133E+00
0.61919	5.0127E+00
0.61942	5.0121E+00
0.61965	5.0102E+00
0.61988	5.0095E+00
0.62011	5.0076E+00
0.62034	5.0070E+00
0.62057	5.0051E+00
0.62080	5.0032E+00
0.62103	5.0013E+00
0.62126	4.9994E+00
0.62149	4.9962E+00
0.62172	4.9943E+00
0.62195	4.9911E+00
0.62219	4.9879E+00
0.62242	4.9848E+00
0.62265	4.9816E+00
0.62288	4.9784E+00
0.62311	4.9752E+00
0.62334	4.9708E+00
0.62357	4.9676E+00
0.62380	4.9632E+00
0.62403	4.9587E+00
0.62426	4.9543E+00
0.62449	4.9498E+00
0.62472	4.9454E+00
0.62495	4.9410E+00
0.62518	4.9352E+00
0.62541	4.9295E+00
0.62565	4.9251E+00
0.62588	4.9206E+00
0.62611	4.9149E+00
0.62634	4.9092E+00
0.62657	4.9048E+00
0.62680	4.9003E+00
0.62703	4.8946E+00
0.62726	4.8889E+00
0.62749	4.8832E+00
0.62772	4.8787E+00
0.62795	4.8730E+00
0.62818	4.8673E+00
0.62842	4.8616E+00
0.62865	4.8571E+00
0.62888	4.8527E+00
0.62911	4.8470E+00
0.62934	4.8425E+00
0.62957	4.8381E+00
0.62980	4.8337E+00
0.63003	4.8279E+00
0.63026	4.8222E+00
0.63049	4.8178E+00
0.63072	4.8133E+00
0.63096	4.8089E+00
0.63119	4.8044E+00
0.63142	4.8000E+00
0.63165	4.7968E+00
0.63188	4.7937E+00
0.63211	4.7892E+00
0.63234	4.7860E+00
0.63257	4.7829E+00
0.63280	4.7784E+00
0.63304	4.7752E+00
0.63327	4.7721E+00
0.63350	4.7689E+00
0.63373	4.7670E+00
0.63396	4.7638E+00
0.63419	4.7619E+00
0.63442	4.7600E+00
0.63465	4.7581E+00
0.63488	4.7562E+00
0.63512	4.7530E+00
0.63535	4.7511E+00
0.63558	4.7492E+00
0.63581	4.7473E+00
0.63604	4.7454E+00
0.63627	4.7435E+00
0.63650	4.7416E+00
0.63673	4.7397E+00
0.63697	4.7390E+00
0.63720	4.7371E+00
0.63743	4.7365E+00
0.63766	4.7346E+00
0.63789	4.7340E+00
0.63812	4.7321E+00
0.63835	4.7314E+00
0.63859	4.7308E+00
0.63882	4.7302E+00
0.63905	4.7295E+00
0.63928	4.7276E+00
0.63951	4.7270E+00
0.63974	4.7263E+00
0.63997	4.7257E+00
0.64021	4.7251E+00
0.64044	4.7244E+00
0.64067	4.7238E+00
0.64090	4.7232E+00
0.64113	4.7225E+00
0.64136	4.7206E+00
0.64159	4.7200E+00
0.64183	4.7181E+00
0.64206	4.7175E+00
0.64229	4.7156E+00
0.64252	4.7149E+00
0.64275	4.7143E+00
0.64298	4.7137E+00
0.64322	4.7130E+00
0.64345	4.7111E+00
0.64368	4.7105E+00
0.64391	4.7086E+00
0.64414	4.7079E+00
0.64437	4.7060E+00
0.64461	4.7054E+00
0.64484	4.7048E+00
0.64507	4.7041E+00
0.64530	4.7035E+00
0.64553	4.7029E+00
0.64576	4.7022E+00
0.64600	4.7016E+00
0.64623	4.7010E+00
0.64646	4.7003E+00
0.64669	4.6997E+00
0.64692	4.7003E+00
0.64716	4.6997E+00
0.64739	4.7003E+00
0.64762	4.6997E+00
0.64785	4.7003E+00
0.64808	4.6997E+00
0.64831	4.7003E+00
0.64855	4.6997E+00
0.64878	4.7003E+00
0.64901	4.7010E+00
0.64924	4.7016E+00
0.64947	4.7022E+00
0.64971	4.7041E+00
0.64994	4.7048E+00
0.65017	4.7067E+00
0.65040	4.7086E+00
0.65063	4.7117E+00
0.65087	4.7137E+00
0.65110	4.7168E+00
0.65133	4.7200E+00
0.65156	4.7244E+00
0.65179	4.7289E+00
0.65203	4.7346E+00
0.65226	4.7390E+00
0.65249	4.7435E+00
0.65272	4.7492E+00
0.65295	4.7549E+00
0.65319	4.7606E+00
0.65342	4.7676E+00
0.65365	4.7746E+00
0.65388	4.7829E+00
0.65412	4.7911E+00
0.65435	4.8006E+00
0.65458	4.8102E+00
0.65481	4.8197E+00
0.65504	4.8292E+00
0.65528	4.8400E+00
0.65551	4.8508E+00
0.65574	4.8629E+00
0.65597	4.8762E+00
0.65621	4.8895E+00
0.65644	4.9029E+00
0.65667	4.9175E+00
0.65690	4.9321E+00
0.65713	4.9479E+00
0.65737	4.9625E+00
0.65760	4.9784E+00
0.65783	4.9943E+00
0.65806	5.0114E+00
0.65830	5.0286E+00
0.65853	5.0470E+00
0.65876	5.0641E+00
0.65899	5.0825E+00
0.65923	5.1010E+00
0.65946	5.1194E+00
0.65969	5.1378E+00
0.65992	5.1575E+00
0.66016	5.1759E+00
0.66039	5.1956E+00
0.66062	5.2140E+00
0.66085	5.2337E+00
0.66109	5.2521E+00
0.66132	5.2705E+00
0.66155	5.2889E+00
0.66178	5.3073E+00
0.66202	5.3244E+00
0.66225	5.3416E+00
0.66248	5.3587E+00
0.66271	5.3759E+00
0.66295	5.3917E+00
0.66318	5.4076E+00
0.66341	5.4222E+00
0.66364	5.4368E+00
0.66388	5.4502E+00
0.66411	5.4635E+00
0.66434	5.4756E+00
0.66457	5.4876E+00
0.66481	5.4984E+00
0.66504	5.5079E+00
0.66527	5.5175E+00
0.66551	5.5257E+00
0.66574	5.5340E+00
0.66597	5.5410E+00
0.66620	5.5467E+00
0.66644	5.5524E+00
0.66667	5.5568E+00
0.66690	5.5613E+00
0.66714	5.5644E+00
0.66737	5.5663E+00
0.66760	5.5683E+00
0.66783	5.5689E+00
0.66807	5.5683E+00
0.66830	5.5689E+00
0.66853	5.5683E+00
0.66877	5.5663E+00
0.66900	5.5657E+00
0.66923	5.5638E+00
0.66946	5.5606E+00
0.66970	5.5575E+00
0.66993	5.5543E+00
0.67016	5.5511E+00
0.67040	5.5467E+00
0.67063	5.5422E+00
0.67086	5.5378E+00
0.67109	5.5321E+00
0.67133	5.5276E+00
0.67156	5.5232E+00
0.67179	5.5175E+00
0.67203	5.5117E+00
0.67226	5.5060E+00
0.67249	5.4990E+00
0.67273	5.4921E+00
0.67296	5.4863E+00
0.67319	5.4806E+00
0.67343	5.4737E+00
0.67366	5.4667E+00
0.67389	5.4597E+00
0.67412	5.4527E+00
0.67436	5.4470E+00
0.67459	5.4413E+00
0.67482	5.4343E+00
0.67506	5.4273E+00
0.67529	5.4203E+00
0.67552	5.4133E+00
0.67576	5.4076E+00
0.67599	5.4019E+00
0.67622	5.3962E+00
0.67646	5.3892E+00
0.67669	5.3822E+00
0.67692	5.3752E+00
0.67716	5.3695E+00
0.67739	5.3638E+00
0.67762	5.3581E+00
0.67786	5.3511E+00
0.67809	5.3441E+00
0.67832	5.3384E+00
0.67856	5.3327E+00
0.67879	5.3270E+00
0.67902	5.3213E+00
0.67926	5.3156E+00
0.67949	5.3098E+00
0.67972	5.3041E+00
0.67996	5.2984E+00
0.68019	5.2940E+00
0.68042	5.2895E+00
0.68066	5.2838E+00
0.68089	5.2781E+00
0.68112	5.2737E+00
0.68136	5.2692E+00
0.68159	5.2648E+00
0.68182	5.2590E+00
0.68206	5.2546E+00
0.68229	5.2502E+00
0.68253	5.2457E+00
0.68276	5.2400E+00
0.68299	5.2356E+00
0.68323	5.2311E+00
0.68346	5.2267E+00
0.68369	5.2222E+00
0.68393	5.2178E+00
0.68416	5.2133E+00
0.68439	5.2089E+00
0.68463	5.2044E+00
0.68486	5.2000E+00
0.68509	5.1956E+00
0.68533	5.1924E+00
0.68556	5.1879E+00
0.68580	5.1835E+00
0.68603	5.1790E+00
0.68626	5.1759E+00
0.68650	5.1714E+00
0.68673	5.1670E+00
0.68696	5.1638E+00
0.68720	5.1594E+00
0.68743	5.1549E+00
0.68767	5.1505E+00
0.68790	5.1473E+00
0.68813	5.1429E+00
0.68837	5.1384E+00
0.68860	5.1352E+00
0.68884	5.1308E+00
0.68907	5.1276E+00
0.68930	5.1244E+00
0.68954	5.1213E+00
0.68977	5.1181E+00
0.69000	5.1149E+00
0.69024	5.1117E+00
0.69047	5.1086E+00
0.69071	5.1054E+00
0.69094	5.1035E+00
0.69117	5.1016E+00
0.69141	5.0984E+00
0.69164	5.0965E+00
0.69188	5.0946E+00
0.69211	5.0914E+00
0.69234	5.0895E+00
0.69258	5.0863E+00
0.69281	5.0832E+00
0.69305	5.0813E+00
0.69328	5.0781E+00
0.69351	5.0762E+00
0.69375	5.0743E+00
0.69398	5.0711E+00
0.69422	5.0692E+00
0.69445	5.0660E+00
0.69468	5.0641E+00
0.69492	5.0622E+00
0.69515	5.0603E+00
0.69539	5.0584E+00
0.69562	5.0578E+00
0.69586	5.0559E+00
0.69609	5.0540E+00
0.69632	5.0533E+00
0.69656	5.0514E+00
0.69679	5.0508E+00
0.69703	5.0489E+00
0.69726	5.0483E+00
0.69749	5.0476E+00
0.69773	5.0457E+00
0.69796	5.0451E+00
0.69820	5.0432E+00
0.69843	5.0425E+00
0.69867	5.0406E+00
0.69890	5.0400E+00
0.69914	5.0381E+00
0.69937	5.0375E+00
0.69960	5.0368E+00
0.69984	5.0349E+00
0.70007	5.0343E+00
0.70031	5.0324E+00
0.70054	5.0317E+00
0.70078	5.0298E+00
0.70101	5.0292E+00
0.70124	5.0286E+00
0.70148	5.0279E+00
0.70171	5.0273E+00
0.70195	5.0267E+00
0.70218	5.0260E+00
0.70242	5.0241E+00
0.70265	5.0235E+00
0.70289	5.0216E+00
0.70312	5.0210E+00
0.70335	5.0203E+00
0.70359	5.0197E+00
0.70382	5.0190E+00
0.70406	5.0184E+00
0.70429	5.0178E+00
0.70453	5.0171E+00
0.70476	5.0165E+00
0.70500	5.0146E+00
0.70523	5.0140E+00
0.70547	5.0121E+00
0.70570	5.0114E+00
0.70594	5.0108E+00
0.70617	5.0102E+00
0.70640	5.0095E+00
0.70664	5.0089E+00
0.70687	5.0083E+00
0.70711	5.0076E+00
0.70734	5.0070E+00
0.70758	5.0063E+00
0.70781	5.0057E+00
0.70805	5.0051E+00
0.70828	5.0044E+00
0.70852	5.0051E+00
0.70875	5.0044E+00
0.70899	5.0051E+00
0.70922	5.0044E+00
0.70946	5.0051E+00
0.70969	5.0044E+00
0.70993	5.0051E+00
0.71016	5.0044E+00
0.71040	5.0051E+00
0.71063	5.0044E+00
0.71086	5.0051E+00
0.71110	5.0044E+00
0.71133	5.0051E+00
0.71157	5.0044E+00
0.71180	5.0051E+00
0.71204	5.0044E+00
0.71227	5.0051E+00
0.71251	5.0044E+00
0.71274	5.0051E+00
0.71298	5.0044E+00
0.71321	5.0051E+00
0.71345	5.0044E+00
0.71368	5.0051E+00
0.71392	5.0044E+00
0.71415	5.0051E+00
0.71439	5.0044E+00
0.71462	5.0051E+00
0.71486	5.0044E+00
0.71509	5.0051E+00
0.71533	5.0044E+00
0.71556	5.0051E+00
0.71580	5.0044E+00
0.71603	5.0051E+00
0.71627	5.0044E+00
0.71650	5.0051E+00
0.71674	5.0044E+00
0.71698	5.0051E+00
0.71721	5.0044E+00
0.71745	5.0051E+00
0.71768	5.0044E+00
0.71792	5.0051E+00
0.71815	5.0044E+00
0.71839	5.0051E+00
0.71862	5.0044E+00
0.71886	5.0051E+00
0.71909	5.0044E+00
0.71933	5.0051E+00
0.71956	5.0044E+00
0.71980	5.0051E+00
0.72003	5.0044E+00
0.72027	5.0051E+00
0.72050	5.0044E+00
0.72074	5.0051E+00
0.72097	5.0044E+00
0.72121	5.0051E+00
0.72144	5.0044E+00
0.72168	5.0051E+00
0.72192	5.0044E+00
0.72215	5.0051E+00
0.72239	5.0044E+00
0.72262	5.0051E+00
0.72286	5.0044E+00
0.72309	5.0051E+00
0.72333	5.0044E+00
0.72356	5.0051E+00
0.72380	5.0044E+00
0.72403	5.0051E+00
0.72427	5.0044E+00
0.72451	5.0051E+00
0.72474	5.0044E+00
0.72498	5.0051E+00
0.72521	5.0057E+00
0.72545	5.0063E+00
0.72568	5.0070E+00
0.72592	5.0076E+00
0.72615	5.0083E+00
0.72639	5.0089E+00
0.72662	5.0095E+00
0.72686	5.0102E+00
0.72710	5.0108E+00
0.72733	5.0114E+00
0.72757	5.0121E+00
0.72780	5.0127E+00
0.72804	5.0133E+00
0.72827	5.0140E+00
0.72851	5.0146E+00
0.72875	5.0140E+00
0.72898	5.0146E+00
0.72922	5.0152E+00
0.72945	5.0159E+00
0.72969	5.0165E+00
0.72992	5.0171E+00
0.73016	5.0178E+00
0.73040	5.0184E+00
0.73063	5.0190E+00
0.73087	5.0197E+00
0.73110	5.0203E+00
0.73134	5.0210E+00
0.73157	5.0216E+00
0.73181	5.0222E+00
0.73205	5.0229E+00
0.73228	5.0235E+00
0.73252	5.0241E+00
0.73275	5.0235E+00
0.73299	5.0241E+00
0.73323	5.0235E+00
0.73346	5.0241E+00
0.73370	5.0235E+00
0.73393	5.0241E+00
0.73417	5.0235E+00
0.73440	5.0241E+00
0.73464	5.0235E+00
0.73488	5.0241E+00
0.73511	5.0235E+00
0.73535	5.0241E+00
0.73558	5.0235E+00
0.73582	5.0241E+00
0.73606	5.0235E+00
0.73629	5.0241E+00
0.73653	5.0235E+00
0.73676	5.0241E+00
0.73700	5.0235E+00
0.73724	5.0241E+00
0.73747	5.0248E+00
0.73771	5.0254E+00
0.73794	5.0260E+00
0.73818	5.0267E+00
0.73842	5.0273E+00
0.73865	5.0279E+00
0.73889	5.0286E+00
0.73913	5.0292E+00
0.73936	5.0298E+00
0.73960	5.0317E+00
0.73983	5.0324E+00
0.74007	5.0343E+00
0.74031	5.0349E+00
0.74054	5.0368E+00
0.74078	5.0375E+00
0.74101	5.0381E+00
0.74125	5.0387E+00
0.74149	5.0394E+00
0.74172	5.0413E+00
0.74196	5.0419E+00
0.74220	5.0438E+00
0.74243	5.0444E+00
0.74267	5.0463E+00
0.74290	5.0470E+00
0.74314	5.0476E+00
0.74338	5.0483E+00
0.74361	5.0489E+00
0.74385	5.0508E+00
0.74409	5.0514E+00
0.74432	5.0533E+00
0.74456	5.0540E+00
0.74480	5.0559E+00
0.74503	5.0565E+00
0.74527	5.0571E+00
0.74550	5.0578E+00
0.74574	5.0584E+00
0.74598	5.0590E+00
0.74621	5.0597E+00
0.74645	5.0603E+00
0.74669	5.0610E+00
0.74692	5.0629E+00
0.74716	5.0635E+00
0.74740	5.0641E+00
0.74763	5.0648E+00
0.74787	5.0654E+00
0.74811	5.0660E+00
0.74834	5.0667E+00
0.74858	5.0673E+00
0.74882	5.0679E+00
0.74905	5.0686E+00
0.74929	5.0692E+00
0.74952	5.0698E+00
0.74976	5.0705E+00
0.75000	5.0711E+00
0.75023	5.0717E+00
0.75047	5.0711E+00
0.75071	5.0717E+00
0.75094	5.0711E+00
0.75118	5.0717E+00
0.75142	5.0711E+00
0.75165	5.0717E+00
0.75189	5.0724E+00
0.75213	5.0730E+00
0.75236	5.0737E+00
0.75260	5.0743E+00
0.75284	5.0749E+00
0.75307	5.0756E+00
0.75331	5.0762E+00
0.75355	5.0768E+00
0.75378	5.0775E+00
0.75402	5.0781E+00
0.75426	5.0787E+00
0.75450	5.0794E+00
0.75473	5.0800E+00
0.75497	5.0806E+00
0.75521	5.0813E+00
0.75544	5.0819E+00
0.75568	5.0825E+00
0.75592	5.0832E+00
0.75615	5.0838E+00
0.75639	5.0844E+00
0.75663	5.0851E+00
0.75686	5.0857E+00
0.75710	5.0863E+00
0.75734	5.0870E+00
0.75757	5.0876E+00
0.75781	5.0883E+00
0.75805	5.0902E+00
0.75829	5.0908E+00
0.75852	5.0927E+00
0.75876	5.0933E+00
0.75900	5.0940E+00
0.75923	5.0946E+00
0.75947	5.0952E+00
0.75971	5.0959E+00
0.75994	5.0965E+00
0.76018	5.0984E+00
0.76042	5.0990E+00
0.76066	5.1010E+00
0.76089	5.1016E+00
0.76113	5.1035E+00
0.76137	5.1054E+00
0.76160	5.1060E+00
0.76184	5.1079E+00
0.76208	5.1086E+00
0.76232	5.1105E+00
0.76255	5.1111E+00
0.76279	5.1130E+00
0.76303	5.1137E+00
0.76326	5.1156E+00
0.76350	5.1175E+00
0.76374	5.1181E+00
0.76398	5.1200E+00
0.76421	5.1206E+00
0.76445	5.1225E+00
0.76469	5.1232E+00
0.76492	5.1238E+00
0.76516	5.1257E+00
0.76540	5.1263E+00
0.76564	5.1283E+00
0.76587	5.1289E+00
0.76611	5.1308E+00
0.76635	5.1314E+00
0.76659	5.1333E+00
0.76682	5.1352E+00
0.76706	5.1359E+00
0.76730	5.1378E+00
0.76753	5.1384E+00
0.76777	5.1403E+00
0.76801	5.1410E+00
0.76825	5.1416E+00
0.76848	5.1422E+00
0.76872	5.1416E+00
0.76896	5.1422E+00
0.76920	5.1416E+00
0.76943	5.1422E+00
0.76967	5.1416E+00
0.76991	5.1422E+00
0.77015	5.1416E+00
0.77038	5.1410E+00
0.77062	5.1403E+00
0.77086	5.1397E+00
0.77110	5.1403E+00
0.77133	5.1397E+00
0.77157	5.1403E+00
0.77181	5.1410E+00
0.77205	5.1416E+00
0.77228	5.1422E+00
0.77252	5.1429E+00
0.77276	5.1435E+00
0.77300	5.1441E+00
0.77323	5.1460E+00
0.77347	5.1467E+00
0.77371	5.1486E+00
0.77395	5.1492E+00
0.77418	5.1511E+00
0.77442	5.1530E+00
0.77466	5.1537E+00
0.77490	5.1556E+00
0.77513	5.1562E+00
0.77537	5.1581E+00
0.77561	5.1587E+00
0.77585	5.1606E+00
0.77609	5.1625E+00
0.77632	5.1644E+00
0.77656	5.1663E+00
0.77680	5.1670E+00
0.77704	5.1689E+00
0.77727	5.1708E+00
0.77751	5.1727E+00
0.77775	5.1746E+00
0.77799	5.1752E+00
0.77823	5.1771E+00
0.77846	5.1778E+00
0.77870	5.1797E+00
0.77894	5.1803E+00
0.77918	5.1822E+00
0.77941	5.1841E+00
0.77965	5.1848E+00
0.77989	5.1867E+00
0.78013	5.1873E+00
0.78037	5.1892E+00
0.78060	5.1898E+00
0.78084	5.1905E+00
0.78108	5.1911E+00
0.78132	5.1917E+00
0.78156	5.1924E+00
0.78179	5.1930E+00
0.78203	5.1937E+00
0.78227	5.1943E+00
0.78251	5.1949E+00
0.78274	5.1956E+00
0.78298	5.1949E+00
0.78322	5.1956E+00
0.78346	5.1962E+00
0.78370	5.1968E+00
0.78393	5.1975E+00
0.78417	5.1994E+00
0.78441	5.2000E+00
0.78465	5.2019E+00
0.78489	5.2025E+00
0.78513	5.2044E+00
0.78536	5.2051E+00
0.78560	5.2070E+00
0.78584	5.2089E+00
0.78608	5.2108E+00
0.78632	5.2127E+00
0.78655	5.2146E+00
0.78679	5.2165E+00
0.78703	5.2171E+00
0.78727	5.2190E+00
0.78751	5.2210E+00
0.78774	5.2216E+00
0.78798	5.2235E+00
0.78822	5.2241E+00
0.78846	5.2260E+00
0.78870	5.2267E+00
0.78894	5.2286E+00
0.78917	5.2305E+00
0.78941	5.2311E+00
0.78965	5.2330E+00
0.78989	5.2337E+00
0.79013	5.2356E+00
0.79037	5.2375E+00
0.79060	5.2394E+00
0.79084	5.2413E+00
0.79108	5.2419E+00
0.79132	5.2438E+00
0.79156	5.2444E+00
0.79180	5.2463E+00
0.79203	5.2470E+00
0.79227	5.2489E+00
0.79251	5.2495E+00
0.79275	5.2502E+00
0.79299	5.2508E+00
0.79323	5.2514E+00
0.79346	5.2521E+00
0.79370	5.2527E+00
0.79394	5.2521E+00
0.79418	5.2527E+00
0.79442	5.2521E+00
0.79466	5.2527E+00
0.79489	5.2521E+00
0.79513	5.2527E+00
0.79537	5.2521E+00
0.79561	5.2527E+00
0.79585	5.2521E+00
0.79609	5.2527E+00
0.79633	5.2533E+00
0.79656	5.2540E+00
0.79680	5.2546E+00
0.79704	5.2552E+00
0.79728	5.2559E+00
0.79752	5.2565E+00
0.79776	5.2571E+00
0.79800	5.2578E+00
0.79823	5.2584E+00
0.79847	5.2590E+00
0.79871	5.2597E+00
0.79895	5.2616E+00
0.79919	5.2622E+00
0.79943	5.2641E+00
0.79967	5.2648E+00
0.79990	5.2654E+00
0.80014	5.2660E+00
0.80038	5.2667E+00
0.80062	5.2673E+00
0.80086	5.2679E+00
0.80110	5.2686E+00
0.80134	5.2692E+00
0.80158	5.2711E+00
0.80181	5.2717E+00
0.80205	5.2724E+00
0.80229	5.2730E+00
0.80253	5.2737E+00
0.80277	5.2743E+00
0.80301	5.2749E+00
0.80325	5.2756E+00
0.80349	5.2762E+00
0.80372	5.2781E+00
0.80396	5.2787E+00
0.80420	5.2806E+00
0.80444	5.2813E+00
0.80468	5.2832E+00
0.80492	5.2838E+00
0.80516	5.2844E+00
0.80540	5.2851E+00
0.80564	5.2870E+00
0.80587	5.2876E+00
0.80611	5.2870E+00
0.80635	5.2876E+00
0.80659	5.2883E+00
0.80683	5.2889E+00
0.80707	5.2883E+00
0.80731	5.2876E+00
0.80755	5.2870E+00
0.80779	5.2863E+00
0.80803	5.2857E+00
0.80826	5.2851E+00
0.80850	5.2857E+00
0.80874	5.2851E+00
0.80898	5.2844E+00
0.80922	5.2838E+00
0.80946	5.2844E+00
0.80970	5.2851E+00
0.80994	5.2844E+00
0.81018	5.2838E+00
0.81042	5.2832E+00
0.81065	5.2838E+00
0.81089	5.2832E+00
0.81113	5.2838E+00
0.81137	5.2832E+00
0.81161	5.2825E+00
0.81185	5.2819E+00
0.81209	5.2800E+00
0.81233	5.2794E+00
0.81257	5.2800E+00
0.81281	5.2794E+00
0.81305	5.2787E+00
0.81329	5.2781E+00
0.81352	5.2787E+00
0.81376	5.2781E+00
0.81400	5.2787E+00
0.81424	5.2781E+00
0.81448	5.2787E+00
0.81472	5.2781E+00
0.81496	5.2787E+00
0.81520	5.2794E+00
0.81544	5.2800E+00
0.81568	5.2806E+00
0.81592	5.2813E+00
0.81616	5.2806E+00
0.81640	5.2813E+00
0.81664	5.2806E+00
0.81687	5.2800E+00
0.81711	5.2794E+00
0.81735	5.2787E+00
0.81759	5.2768E+00
0.81783	5.2762E+00
0.81807	5.2743E+00
0.81831	5.2737E+00
0.81855	5.2730E+00
0.81879	5.2724E+00
0.81903	5.2717E+00
0.81927	5.2711E+00
0.81951	5.2705E+00
0.81975	5.2698E+00
0.81999	5.2679E+00
0.82023	5.2673E+00
0.82047	5.2667E+00
0.82071	5.2660E+00
0.82094	5.2654E+00
0.82118	5.2660E+00
0.82142	5.2654E+00
0.82166	5.2660E+00
0.82190	5.2654E+00
0.82214	5.2648E+00
0.82238	5.2654E+00
0.82262	5.2648E+00
0.82286	5.2654E+00
0.82310	5.2660E+00
0.82334	5.2679E+00
0.82358	5.2698E+00
0.82382	5.2717E+00
0.82406	5.2749E+00
0.82430	5.2768E+00
0.82454	5.2787E+00
0.82478	5.2806E+00
0.82502	5.2825E+00
0.82526	5.2844E+00
0.82550	5.2863E+00
0.82574	5.2883E+00
0.82598	5.2889E+00
0.82622	5.2908E+00
0.82646	5.2914E+00
0.82670	5.2921E+00
0.82694	5.2914E+00
0.82717	5.2921E+00
0.82741	5.2914E+00
0.82765	5.2908E+00
0.82789	5.2902E+00
0.82813	5.2908E+00
0.82837	5.2902E+00
0.82861	5.2908E+00
0.82885	5.2902E+00
0.82909	5.2908E+00
0.82933	5.2902E+00
0.82957	5.2908E+00
0.82981	5.2902E+00
0.83005	5.2908E+00
0.83029	5.2902E+00
0.83053	5.2908E+00
0.83077	5.2902E+00
0.83101	5.2895E+00
0.83125	5.2876E+00
0.83149	5.2870E+00
0.83173	5.2863E+00
0.83197	5.2883E+00
0.83221	5.2889E+00
0.83245	5.2908E+00
0.83269	5.2927E+00
0.83293	5.2946E+00
0.83317	5.2952E+00
0.83341	5.2971E+00
0.83365	5.2978E+00
0.83389	5.2997E+00
0.83413	5.3016E+00
0.83437	5.3035E+00
0.83461	5.3067E+00
0.83485	5.3111E+00
0.83509	5.3156E+00
0.83533	5.3187E+00
0.83557	5.3206E+00
0.83581	5.3238E+00
0.83605	5.3270E+00
0.83629	5.3289E+00
0.83653	5.3308E+00
0.83677	5.3340E+00
0.83701	5.3371E+00
0.83725	5.3403E+00
0.83749	5.3435E+00
0.83773	5.3467E+00
0.83797	5.3498E+00
0.83821	5.3517E+00
0.83845	5.3537E+00
0.83869	5.3556E+00
0.83893	5.3575E+00
0.83917	5.3581E+00
0.83941	5.3575E+00
0.83965	5.3568E+00
0.83989	5.3562E+00
0.84013	5.3568E+00
0.84037	5.3562E+00
0.84062	5.3556E+00
0.84086	5.3562E+00
0.84110	5.3556E+00
0.84134	5.3537E+00
0.84158	5.3517E+00
0.84182	5.3511E+00
0.84206	5.3505E+00
0.84230	5.3486E+00
0.84254	5.3479E+00
0.84278	5.3473E+00
0.84302	5.3479E+00
0.84326	5.3473E+00
0.84350	5.3479E+00
0.84374	5.3473E+00
0.84398	5.3479E+00
0.84422	5.3473E+00
0.84446	5.3454E+00
0.84470	5.3435E+00
0.84494	5.3403E+00
0.84518	5.3384E+00
0.84542	5.3365E+00
0.84566	5.3346E+00
0.84590	5.3327E+00
0.84614	5.3295E+00
0.84638	5.3263E+00
0.84662	5.3219E+00
0.84686	5.3187E+00
0.84711	5.3143E+00
0.84735	5.3098E+00
0.84759	5.3067E+00
0.84783	5.3035E+00
0.84807	5.3016E+00
0.84831	5.2997E+00
0.84855	5.2990E+00
0.84879	5.2971E+00
0.84903	5.2952E+00
0.84927	5.2908E+00
0.84951	5.2876E+00
0.84975	5.2844E+00
0.84999	5.2825E+00
0.85023	5.2794E+00
0.85047	5.2762E+00
0.85071	5.2730E+00
0.85095	5.2711E+00
0.85120	5.2667E+00
0.85144	5.2622E+00
0.85168	5.2590E+00
0.85192	5.2559E+00
0.85216	5.2540E+00
0.85240	5.2521E+00
0.85264	5.2489E+00
0.85288	5.2483E+00
0.85312	5.2489E+00
0.85336	5.2470E+00
0.85360	5.2451E+00
0.85384	5.2457E+00
0.85408	5.2451E+00
0.85432	5.2457E+00
0.85457	5.2425E+00
0.85481	5.2419E+00
0.85505	5.2463E+00
0.85529	5.2737E+00
0.85553	5.2769E+00
0.85577	5.2831E+00
0.85601	5.2878E+00
0.85625	5.3034E+00
0.85649	5.3276E+00
0.85673	5.3968E+00
0.85697	5.6667E+00