0.39697	2.5873E+00
0.39719	2.6005E+00
0.39741	2.6254E+00
0.39762	2.6270E+00
0.39784	2.6296E+00
0.39806	2.6356E+00
0.39827	2.6374E+00
0.39849	2.6397E+00
0.39871	2.6455E+00
0.39893	2.6534E+00
0.39914	2.6540E+00
0.39936	2.6534E+00
0.39958	2.6561E+00
0.39980	2.6577E+00
0.40001	2.6614E+00
0.40023	2.6640E+00
0.40045	2.6656E+00
0.40066	2.6672E+00
0.40088	2.6688E+00
0.40110	2.6725E+00
0.40132	2.6762E+00
0.40153	2.6799E+00
0.40175	2.6847E+00
0.40197	2.6873E+00
0.40219	2.6910E+00
0.40240	2.6947E+00
0.40262	2.6974E+00
0.40284	2.7000E+00
0.40306	2.7037E+00
0.40327	2.7074E+00
0.40349	2.7111E+00
0.40371	2.7159E+00
0.40393	2.7196E+00
0.40414	2.7233E+00
0.40436	2.7270E+00
0.40458	2.7296E+00
0.40480	2.7312E+00
0.40501	2.7328E+00
0.40523	2.7344E+00
0.40545	2.7349E+00
0.40567	2.7365E+00
0.40589	2.7381E+00
0.40610	2.7407E+00
0.40632	2.7434E+00
0.40654	2.7450E+00
0.40676	2.7476E+00
0.40697	2.7492E+00
0.40719	2.7519E+00
0.40741	2.7545E+00
0.40763	2.7561E+00
0.40785	2.7577E+00
0.40806	2.7603E+00
0.40828	2.7619E+00
0.40850	2.7646E+00
0.40872	2.7683E+00
0.40894	2.7709E+00
0.40915	2.7735E+00
0.40937	2.7762E+00
0.40959	2.7788E+00
0.40981	2.7815E+00
0.41002	2.7841E+00
0.41024	2.7868E+00
0.41046	2.7894E+00
0.41068	2.7921E+00
0.41090	2.7958E+00
0.41111	2.8005E+00
0.41133	2.8042E+00
0.41155	2.8101E+00
0.41177	2.8159E+00
0.41199	2.8217E+00
0.41221	2.8275E+00
0.41242	2.8344E+00
0.41264	2.8402E+00
0.41286	2.8460E+00
0.41308	2.8540E+00
0.41330	2.8608E+00
0.41351	2.8677E+00
0.41373	2.8746E+00
0.41395	2.8815E+00
0.41417	2.8873E+00
0.41439	2.8931E+00
0.41461	2.9000E+00
0.41482	2.9048E+00
0.41504	2.9095E+00
0.41526	2.9143E+00
0.41548	2.9180E+00
0.41570	2.9217E+00
0.41592	2.9254E+00
0.41613	2.9291E+00
0.41635	2.9317E+00
0.41657	2.9354E+00
0.41679	2.9392E+00
0.41701	2.9429E+00
0.41723	2.9466E+00
0.41745	2.9503E+00
0.41766	2.9540E+00
0.41788	2.9577E+00
0.41810	2.9624E+00
0.41832	2.9672E+00
0.41854	2.9709E+00
0.41876	2.9757E+00
0.41897	2.9804E+00
0.41919	2.9862E+00
0.41941	2.9921E+00
0.41963	2.9979E+00
0.41985	3.0037E+00
0.42007	3.0095E+00
0.42029	3.0143E+00
0.42051	3.0190E+00
0.42072	3.0249E+00
0.42094	3.0307E+00
0.42116	3.0365E+00
0.42138	3.0413E+00
0.42160	3.0471E+00
0.42182	3.0540E+00
0.42204	3.0608E+00
0.42226	3.0677E+00
0.42247	3.0746E+00
0.42269	3.0815E+00
0.42291	3.0884E+00
0.42313	3.0942E+00
0.42335	3.1011E+00
0.42357	3.1079E+00
0.42379	3.1148E+00
0.42401	3.1217E+00
0.42423	3.1286E+00
0.42444	3.1354E+00
0.42466	3.1423E+00
0.42488	3.1481E+00
0.42510	3.1540E+00
0.42532	3.1598E+00
0.42554	3.1646E+00
0.42576	3.1693E+00
0.42598	3.1741E+00
0.42620	3.1788E+00
0.42642	3.1847E+00
0.42663	3.1894E+00
0.42685	3.1952E+00
0.42707	3.2011E+00
0.42729	3.2069E+00
0.42751	3.2127E+00
0.42773	3.2185E+00
0.42795	3.2254E+00
0.42817	3.2323E+00
0.42839	3.2392E+00
0.42861	3.2460E+00
0.42883	3.2540E+00
0.42905	3.2619E+00
0.42927	3.2698E+00
0.42948	3.2778E+00
0.42970	3.2857E+00
0.42992	3.2937E+00
0.43014	3.3016E+00
0.43036	3.3095E+00
0.43058	3.3175E+00
0.43080	3.3254E+00
0.43102	3.3333E+00
0.43124	3.3413E+00
0.43146	3.3492E+00
0.43168	3.3571E+00
0.43190	3.3651E+00
0.43212	3.3730E+00
0.43234	3.3810E+00
0.43256	3.3889E+00
0.43278	3.3968E+00
0.43300	3.4048E+00
0.43321	3.4127E+00
0.43343	3.4206E+00
0.43365	3.4286E+00
0.43387	3.4365E+00
0.43409	3.4444E+00
0.43431	3.4524E+00
0.43453	3.4603E+00
0.43475	3.4693E+00
0.43497	3.4783E+00
0.43519	3.4873E+00
0.43541	3.4963E+00
0.43563	3.5053E+00
0.43585	3.5143E+00
0.43607	3.5233E+00
0.43629	3.5323E+00
0.43651	3.5413E+00
0.43673	3.5503E+00
0.43695	3.5593E+00
0.43717	3.5683E+00
0.43739	3.5772E+00
0.43761	3.5852E+00
0.43783	3.5942E+00
0.43805	3.6021E+00
0.43827	3.6101E+00
0.43849	3.6180E+00
0.43871	3.6259E+00
0.43893	3.6339E+00
0.43915	3.6418E+00
0.43937	3.6497E+00
0.43959	3.6587E+00
0.43981	3.6677E+00
0.44003	3.6767E+00
0.44025	3.6857E+00
0.44047	3.6947E+00
0.44069	3.7037E+00
0.44091	3.7138E+00
0.44113	3.7228E+00
0.44135	3.7317E+00
0.44157	3.7407E+00
0.44179	3.7497E+00
0.44201	3.7598E+00
0.44223	3.7698E+00
0.44245	3.7799E+00
0.44267	3.7899E+00
0.44289	3.7989E+00
0.44311	3.8079E+00
0.44333	3.8169E+00
0.44355	3.8259E+00
0.44377	3.8349E+00
0.44399	3.8439E+00
0.44421	3.8529E+00
0.44443	3.8630E+00
0.44465	3.8730E+00
0.44487	3.8831E+00
0.44509	3.8931E+00
0.44531	3.9021E+00
0.44553	3.9111E+00
0.44575	3.9201E+00
0.44597	3.9302E+00
0.44619	3.9392E+00
0.44641	3.9492E+00
0.44663	3.9593E+00
0.44685	3.9693E+00
0.44707	3.9794E+00
0.44729	3.9894E+00
0.44751	3.9995E+00
0.44774	4.0095E+00
0.44796	4.0185E+00
0.44818	4.0286E+00
0.44840	4.0386E+00
0.44862	4.0487E+00
0.44884	4.0587E+00
0.44906	4.0688E+00
0.44928	4.0788E+00
0.44950	4.0899E+00
0.44972	4.1000E+00
0.44994	4.1101E+00
0.45016	4.1201E+00
0.45038	4.1312E+00
0.45060	4.1423E+00
0.45082	4.1534E+00
0.45104	4.1635E+00
0.45127	4.1746E+00
0.45149	4.1847E+00
0.45171	4.1947E+00
0.45193	4.2058E+00
0.45215	4.2169E+00
0.45237	4.2280E+00
0.45259	4.2381E+00
0.45281	4.2481E+00
0.45303	4.2582E+00
0.45325	4.2683E+00
0.45347	4.2783E+00
0.45369	4.2884E+00
0.45391	4.2984E+00
0.45414	4.3085E+00
0.45436	4.3185E+00
0.45458	4.3286E+00
0.45480	4.3386E+00
0.45502	4.3497E+00
0.45524	4.3598E+00
0.45546	4.3698E+00
0.45568	4.3799E+00
0.45590	4.3899E+00
0.45612	4.4000E+00
0.45635	4.4111E+00
0.45657	4.4222E+00
0.45679	4.4333E+00
0.45701	4.4434E+00
0.45723	4.4534E+00
0.45745	4.4635E+00
0.45767	4.4735E+00
0.45789	4.4836E+00
0.45811	4.4937E+00
0.45834	4.5037E+00
0.45856	4.5138E+00
0.45878	4.5238E+00
0.45900	4.5339E+00
0.45922	4.5439E+00
0.45944	4.5540E+00
0.45966	4.5630E+00
0.45988	4.5730E+00
0.46011	4.5820E+00
0.46033	4.5921E+00
0.46055	4.6021E+00
0.46077	4.6122E+00
0.46099	4.6222E+00
0.46121	4.6323E+00
0.46143	4.6423E+00
0.46165	4.6513E+00
0.46188	4.6614E+00
0.46210	4.6714E+00
0.46232	4.6815E+00
0.46254	4.6915E+00
0.46276	4.7016E+00
0.46298	4.7116E+00
0.46320	4.7206E+00
0.46343	4.7307E+00
0.46365	4.7397E+00
0.46387	4.7487E+00
0.46409	4.7577E+00
0.46431	4.7667E+00
0.46453	4.7767E+00
0.46475	4.7868E+00
0.46498	4.7968E+00
0.46520	4.8058E+00
0.46542	4.8148E+00
0.46564	4.8238E+00
0.46586	4.8328E+00
0.46608	4.8418E+00
0.46631	4.8497E+00
0.46653	4.8587E+00
0.46675	4.8677E+00
0.46697	4.8767E+00
0.46719	4.8857E+00
0.46741	4.8947E+00
0.46764	4.9037E+00
0.46786	4.9116E+00
0.46808	4.9196E+00
0.46830	4.9275E+00
0.46852	4.9354E+00
0.46875	4.9423E+00
0.46897	4.9492E+00
0.46919	4.9561E+00
0.46941	4.9640E+00
0.46963	4.9730E+00
0.46985	4.9810E+00
0.47008	4.9889E+00
0.47030	4.9968E+00
0.47052	5.0048E+00
0.47074	5.0127E+00
0.47096	5.0206E+00
0.47119	5.0286E+00
0.47141	5.0354E+00
0.47163	5.0434E+00
0.47185	5.0503E+00
0.47207	5.0582E+00
0.47230	5.0672E+00
0.47252	5.0751E+00
0.47274	5.0831E+00
0.47296	5.0899E+00
0.47318	5.0979E+00
0.47341	5.1058E+00
0.47363	5.1138E+00
0.47385	5.1217E+00
0.47407	5.1286E+00
0.47430	5.1354E+00
0.47452	5.1434E+00
0.47474	5.1524E+00
0.47496	5.1603E+00
0.47518	5.1693E+00
0.47541	5.1783E+00
0.47563	5.1862E+00
0.47585	5.1952E+00
0.47607	5.2021E+00
0.47630	5.2101E+00
0.47652	5.2169E+00
0.47674	5.2238E+00
0.47696	5.2317E+00
0.47718	5.2386E+00
0.47741	5.2466E+00
0.47763	5.2545E+00
0.47785	5.2614E+00
0.47807	5.2683E+00
0.47830	5.2751E+00
0.47852	5.2820E+00
0.47874	5.2889E+00
0.47896	5.2958E+00
0.47919	5.3016E+00
0.47941	5.3085E+00
0.47963	5.3153E+00
0.47985	5.3222E+00
0.48008	5.3291E+00
0.48030	5.3349E+00
0.48052	5.3407E+00
0.48074	5.3466E+00
0.48097	5.3524E+00
0.48119	5.3582E+00
0.48141	5.3640E+00
0.48163	5.3688E+00
0.48186	5.3735E+00
0.48208	5.3783E+00
0.48230	5.3831E+00
0.48253	5.3889E+00
0.48275	5.3937E+00
0.48297	5.3984E+00
0.48319	5.4032E+00
0.48342	5.4069E+00
0.48364	5.4106E+00
0.48386	5.4153E+00
0.48408	5.4201E+00
0.48431	5.4238E+00
0.48453	5.4275E+00
0.48475	5.4312E+00
0.48498	5.4349E+00
0.48520	5.4386E+00
0.48542	5.4423E+00
0.48564	5.4450E+00
0.48587	5.4476E+00
0.48609	5.4513E+00
0.48631	5.4550E+00
0.48654	5.4577E+00
0.48676	5.4614E+00
0.48698	5.4651E+00
0.48720	5.4677E+00
0.48743	5.4704E+00
0.48765	5.4741E+00
0.48787	5.4767E+00
0.48810	5.4794E+00
0.48832	5.4820E+00
0.48854	5.4847E+00
0.48877	5.4873E+00
0.48899	5.4899E+00
0.48921	5.4926E+00
0.48943	5.4942E+00
0.48966	5.4958E+00
0.48988	5.4984E+00
0.49010	5.5000E+00
0.49033	5.5016E+00
0.49055	5.5042E+00
0.49077	5.5058E+00
0.49100	5.5074E+00
0.49122	5.5090E+00
0.49144	5.5106E+00
0.49167	5.5122E+00
0.49189	5.5138E+00
0.49211	5.5143E+00
0.49234	5.5159E+00
0.49256	5.5164E+00
0.49278	5.5180E+00
0.49301	5.5185E+00
0.49323	5.5190E+00
0.49345	5.5196E+00
0.49368	5.5201E+00
0.49390	5.5206E+00
0.49412	5.5212E+00
0.49435	5.5217E+00
0.49457	5.5222E+00
0.49479	5.5228E+00
0.49502	5.5233E+00
0.49524	5.5238E+00
0.49546	5.5243E+00
0.49569	5.5249E+00
0.49591	5.5254E+00
0.49613	5.5259E+00
0.49636	5.5265E+00
0.49658	5.5259E+00
0.49680	5.5265E+00
0.49703	5.5259E+00
0.49725	5.5254E+00
0.49748	5.5249E+00
0.49770	5.5243E+00
0.49792	5.5238E+00
0.49815	5.5233E+00
0.49837	5.5228E+00
0.49859	5.5212E+00
0.49882	5.5206E+00
0.49904	5.5190E+00
0.49926	5.5185E+00
0.49949	5.5169E+00
0.49971	5.5164E+00
0.49994	5.5159E+00
0.50016	5.5153E+00
0.50038	5.5148E+00
0.50061	5.5143E+00
0.50083	5.5138E+00
0.50105	5.5122E+00
0.50128	5.5116E+00
0.50150	5.5101E+00
0.50173	5.5095E+00
0.50195	5.5090E+00
0.50217	5.5074E+00
0.50240	5.5069E+00
0.50262	5.5053E+00
0.50285	5.5048E+00
0.50307	5.5032E+00
0.50329	5.5016E+00
0.50352	5.5000E+00
0.50374	5.4984E+00
0.50397	5.4968E+00
0.50419	5.4952E+00
0.50441	5.4947E+00
0.50464	5.4931E+00
0.50486	5.4926E+00
0.50509	5.4910E+00
0.50531	5.4894E+00
0.50553	5.4889E+00
0.50576	5.4873E+00
0.50598	5.4857E+00
0.50621	5.4841E+00
0.50643	5.4825E+00
0.50665	5.4820E+00
0.50688	5.4804E+00
0.50710	5.4788E+00
0.50733	5.4772E+00
0.50755	5.4757E+00
0.50778	5.4741E+00
0.50800	5.4725E+00
0.50822	5.4698E+00
0.50845	5.4683E+00
0.50867	5.4667E+00
0.50890	5.4651E+00
0.50912	5.4635E+00
0.50934	5.4630E+00
0.50957	5.4614E+00
0.50979	5.4598E+00
0.51002	5.4582E+00
0.51024	5.4566E+00
0.51047	5.4550E+00
0.51069	5.4534E+00
0.51092	5.4519E+00
0.51114	5.4492E+00
0.51136	5.4476E+00
0.51159	5.4460E+00
0.51181	5.4434E+00
0.51204	5.4418E+00
0.51226	5.4392E+00
0.51249	5.4376E+00
0.51271	5.4349E+00
0.51294	5.4333E+00
0.51316	5.4317E+00
0.51338	5.4291E+00
0.51361	5.4275E+00
0.51383	5.4259E+00
0.51406	5.4243E+00
0.51428	5.4228E+00
0.51451	5.4212E+00
0.51473	5.4196E+00
0.51496	5.4180E+00
0.51518	5.4164E+00
0.51541	5.4148E+00
0.51563	5.4132E+00
0.51586	5.4116E+00
0.51608	5.4101E+00
0.51630	5.4074E+00
0.51653	5.4058E+00
0.51675	5.4042E+00
0.51698	5.4026E+00
0.51720	5.4011E+00
0.51743	5.3984E+00
0.51765	5.3968E+00
0.51788	5.3952E+00
0.51810	5.3926E+00
0.51833	5.3910E+00
0.51855	5.3894E+00
0.51878	5.3878E+00
0.51900	5.3862E+00
0.51923	5.3836E+00
0.51945	5.3820E+00
0.51968	5.3804E+00
0.51990	5.3778E+00
0.52013	5.3762E+00
0.52035	5.3735E+00
0.52058	5.3709E+00
0.52080	5.3693E+00
0.52103	5.3667E+00
0.52125	5.3651E+00
0.52148	5.3635E+00
0.52170	5.3608E+00
0.52193	5.3593E+00
0.52215	5.3566E+00
0.52238	5.3540E+00
0.52260	5.3513E+00
0.52283	5.3487E+00
0.52305	5.3460E+00
0.52328	5.3434E+00
0.52350	5.3407E+00
0.52373	5.3381E+00
0.52395	5.3354E+00
0.52418	5.3328E+00
0.52440	5.3302E+00
0.52463	5.3265E+00
0.52485	5.3238E+00
0.52508	5.3212E+00
0.52530	5.3175E+00
0.52553	5.3148E+00
0.52575	5.3122E+00
0.52598	5.3106E+00
0.52621	5.3079E+00
0.52643	5.3053E+00
0.52666	5.3037E+00
0.52688	5.3011E+00
0.52711	5.2984E+00
0.52733	5.2958E+00
0.52756	5.2931E+00
0.52778	5.2905E+00
0.52801	5.2878E+00
0.52823	5.2852E+00
0.52846	5.2825E+00
0.52868	5.2799E+00
0.52891	5.2772E+00
0.52914	5.2746E+00
0.52936	5.2720E+00
0.52959	5.2693E+00
0.52981	5.2667E+00
0.53004	5.2630E+00
0.53026	5.2593E+00
0.53049	5.2566E+00
0.53071	5.2540E+00
0.53094	5.2513E+00
0.53117	5.2487E+00
0.53139	5.2460E+00
0.53162	5.2434E+00
0.53184	5.2407E+00
0.53207	5.2381E+00
0.53229	5.2344E+00
0.53252	5.2317E+00
0.53274	5.2280E+00
0.53297	5.2243E+00
0.53320	5.2217E+00
0.53342	5.2190E+00
0.53365	5.2175E+00
0.53387	5.2148E+00
0.53410	5.2122E+00
0.53432	5.2085E+00
0.53455	5.2048E+00
0.53478	5.2021E+00
0.53500	5.1984E+00
0.53523	5.1958E+00
0.53545	5.1931E+00
0.53568	5.1905E+00
0.53591	5.1878E+00
0.53613	5.1852E+00
0.53636	5.1825E+00
0.53658	5.1788E+00
0.53681	5.1762E+00
0.53704	5.1725E+00
0.53726	5.1698E+00
0.53749	5.1672E+00
0.53771	5.1646E+00
0.53794	5.1619E+00
0.53817	5.1582E+00
0.53839	5.1556E+00
0.53862	5.1519E+00
0.53884	5.1492E+00
0.53907	5.1466E+00
0.53930	5.1429E+00
0.53952	5.1392E+00
0.53975	5.1365E+00
0.53997	5.1339E+00
0.54020	5.1302E+00
0.54043	5.1265E+00
0.54065	5.1228E+00
0.54088	5.1190E+00
0.54110	5.1153E+00
0.54133	5.1127E+00
0.54156	5.1101E+00
0.54178	5.1063E+00
0.54201	5.1026E+00
0.54224	5.0989E+00
0.54246	5.0952E+00
0.54269	5.0926E+00
0.54291	5.0899E+00
0.54314	5.0862E+00
0.54337	5.0825E+00
0.54359	5.0799E+00
0.54382	5.0772E+00
0.54405	5.0735E+00
0.54427	5.0698E+00
0.54450	5.0672E+00
0.54472	5.0635E+00
0.54495	5.0608E+00
0.54518	5.0582E+00
0.54540	5.0556E+00
0.54563	5.0519E+00
0.54586	5.0492E+00
0.54608	5.0455E+00
0.54631	5.0429E+00
0.54654	5.0402E+00
0.54676	5.0376E+00
0.54699	5.0339E+00
0.54722	5.0312E+00
0.54744	5.0286E+00
0.54767	5.0270E+00
0.54789	5.0243E+00
0.54812	5.0217E+00
0.54835	5.0180E+00
0.54857	5.0153E+00
0.54880	5.0127E+00
0.54903	5.0111E+00
0.54925	5.0085E+00
0.54948	5.0058E+00
0.54971	5.0021E+00
0.54993	4.9995E+00
0.55016	4.9968E+00
0.55039	4.9952E+00
0.55061	4.9926E+00
0.55084	4.9899E+00
0.55107	4.9873E+00
0.55129	4.9847E+00
0.55152	4.9820E+00
0.55175	4.9804E+00
0.55197	4.9778E+00
0.55220	4.9762E+00
0.55243	4.9735E+00
0.55266	4.9709E+00
0.55288	4.9693E+00
0.55311	4.9677E+00
0.55334	4.9661E+00
0.55356	4.9646E+00
0.55379	4.9630E+00
0.55402	4.9614E+00
0.55424	4.9598E+00
0.55447	4.9571E+00
0.55470	4.9556E+00
0.55492	4.9540E+00
0.55515	4.9524E+00
0.55538	4.9508E+00
0.55560	4.9492E+00
0.55583	4.9476E+00
0.55606	4.9471E+00
0.55629	4.9455E+00
0.55651	4.9439E+00
0.55674	4.9423E+00
0.55697	4.9407E+00
0.55719	4.9381E+00
0.55742	4.9365E+00
0.55765	4.9349E+00
0.55788	4.9344E+00
0.55810	4.9328E+00
0.55833	4.9323E+00
0.55856	4.9307E+00
0.55878	4.9302E+00
0.55901	4.9286E+00
0.55924	4.9270E+00
0.55947	4.9243E+00
0.55969	4.9228E+00
0.55992	4.9212E+00
0.56015	4.9196E+00
0.56037	4.9180E+00
0.56060	4.9175E+00
0.56083	4.9159E+00
0.56106	4.9153E+00
0.56128	4.9138E+00
0.56151	4.9132E+00
0.56174	4.9116E+00
0.56197	4.9101E+00
0.56219	4.9085E+00
0.56242	4.9069E+00
0.56265	4.9053E+00
0.56287	4.9048E+00
0.56310	4.9032E+00
0.56333	4.9016E+00
0.56356	4.9000E+00
0.56378	4.8984E+00
0.56401	4.8968E+00
0.56424	4.8952E+00
0.56447	4.8937E+00
0.56469	4.8921E+00
0.56492	4.8905E+00
0.56515	4.8889E+00
0.56538	4.8884E+00
0.56560	4.8868E+00
0.56583	4.8852E+00
0.56606	4.8847E+00
0.56629	4.8831E+00
0.56651	4.8815E+00
0.56674	4.8810E+00
0.56697	4.8794E+00
0.56720	4.8778E+00
0.56743	4.8762E+00
0.56765	4.8746E+00
0.56788	4.8730E+00
0.56811	4.8714E+00
0.56834	4.8688E+00
0.56856	4.8672E+00
0.56879	4.8646E+00
0.56902	4.8630E+00
0.56925	4.8614E+00
0.56947	4.8598E+00
0.56970	4.8582E+00
0.56993	4.8566E+00
0.57016	4.8540E+00
0.57039	4.8513E+00
0.57061	4.8497E+00
0.57084	4.8471E+00
0.57107	4.8455E+00
0.57130	4.8429E+00
0.57152	4.8402E+00
0.57175	4.8386E+00
0.57198	4.8360E+00
0.57221	4.8333E+00
0.57244	4.8296E+00
0.57266	4.8270E+00
0.57289	4.8233E+00
0.57312	4.8206E+00
0.57335	4.8169E+00
0.57358	4.8143E+00
0.57380	4.8116E+00
0.57403	4.8090E+00
0.57426	4.8063E+00
0.57449	4.8026E+00
0.57472	4.7989E+00
0.57494	4.7952E+00
0.57517	4.7905E+00
0.57540	4.7868E+00
0.57563	4.7831E+00
0.57586	4.7794E+00
0.57609	4.7746E+00
0.57631	4.7709E+00
0.57654	4.7661E+00
0.57677	4.7624E+00
0.57700	4.7577E+00
0.57723	4.7529E+00
0.57745	4.7481E+00
0.57768	4.7434E+00
0.57791	4.7386E+00
0.57814	4.7339E+00
0.57837	4.7291E+00
0.57860	4.7243E+00
0.57882	4.7185E+00
0.57905	4.7138E+00
0.57928	4.7079E+00
0.57951	4.7032E+00
0.57974	4.6974E+00
0.57996	4.6915E+00
0.58019	4.6857E+00
0.58042	4.6799E+00
0.58065	4.6741E+00
0.58088	4.6672E+00
0.58111	4.6603E+00
0.58134	4.6534E+00
0.58156	4.6476E+00
0.58179	4.6418E+00
0.58202	4.6360E+00
0.58225	4.6302E+00
0.58248	4.6233E+00
0.58271	4.6175E+00
0.58293	4.6106E+00
0.58316	4.6037E+00
0.58339	4.5968E+00
0.58362	4.5910E+00
0.58385	4.5852E+00
0.58408	4.5794E+00
0.58431	4.5735E+00
0.58453	4.5677E+00
0.58476	4.5619E+00
0.58499	4.5550E+00
0.58522	4.5492E+00
0.58545	4.5434E+00
0.58568	4.5376E+00
0.58591	4.5317E+00
0.58613	4.5259E+00
0.58636	4.5201E+00
0.58659	4.5153E+00
0.58682	4.5106E+00
0.58705	4.5048E+00
0.58728	4.4989E+00
0.58751	4.4931E+00
0.58774	4.4884E+00
0.58796	4.4836E+00
0.58819	4.4788E+00
0.58842	4.4741E+00
0.58865	4.4693E+00
0.58888	4.4646E+00
0.58911	4.4598E+00
0.58934	4.4561E+00
0.58957	4.4524E+00
0.58979	4.4487E+00
0.59002	4.4439E+00
0.59025	4.4402E+00
0.59048	4.4365E+00
0.59071	4.4328E+00
0.59094	4.4302E+00
0.59117	4.4265E+00
0.59140	4.4238E+00
0.59163	4.4212E+00
0.59185	4.4185E+00
0.59208	4.4159E+00
0.59231	4.4132E+00
0.59254	4.4116E+00
0.59277	4.4090E+00
0.59300	4.4074E+00
0.59323	4.4058E+00
0.59346	4.4053E+00
0.59369	4.4037E+00
0.59392	4.4032E+00
0.59415	4.4026E+00
0.59437	4.4021E+00
0.59460	4.4026E+00
0.59483	4.4021E+00
0.59506	4.4026E+00
0.59529	4.4032E+00
0.59552	4.4037E+00
0.59575	4.4042E+00
0.59598	4.4048E+00
0.59621	4.4063E+00
0.59644	4.4079E+00
0.59667	4.4095E+00
0.59690	4.4111E+00
0.59712	4.4138E+00
0.59735	4.4164E+00
0.59758	4.4190E+00
0.59781	4.4217E+00
0.59804	4.4243E+00
0.59827	4.4280E+00
0.59850	4.4317E+00
0.59873	4.4365E+00
0.59896	4.4413E+00
0.59919	4.4460E+00
0.59942	4.4508E+00
0.59965	4.4556E+00
0.59988	4.4603E+00
0.60011	4.4661E+00
0.60034	4.4720E+00
0.60056	4.4778E+00
0.60079	4.4836E+00
0.60102	4.4905E+00
0.60125	4.4974E+00
0.60148	4.5042E+00
0.60171	4.5111E+00
0.60194	4.5180E+00
0.60217	4.5249E+00
0.60240	4.5328E+00
0.60263	4.5418E+00
0.60286	4.5508E+00
0.60309	4.5598E+00
0.60332	4.5688E+00
0.60355	4.5778E+00
0.60378	4.5868E+00
0.60401	4.5958E+00
0.60424	4.6048E+00
0.60447	4.6148E+00
0.60470	4.6249E+00
0.60493	4.6349E+00
0.60516	4.6450E+00
0.60539	4.6550E+00
0.60562	4.6651E+00
0.60585	4.6741E+00
0.60607	4.6841E+00
0.60630	4.6942E+00
0.60653	4.7042E+00
0.60676	4.7143E+00
0.60699	4.7243E+00
0.60722	4.7344E+00
0.60745	4.7455E+00
0.60768	4.7566E+00
0.60791	4.7667E+00
0.60814	4.7767E+00
0.60837	4.7868E+00
0.60860	4.7968E+00
0.60883	4.8069E+00
0.60906	4.8169E+00
0.60929	4.8270E+00
0.60952	4.8360E+00
0.60975	4.8450E+00
0.60998	4.8540E+00
0.61021	4.8630E+00
0.61044	4.8720E+00
0.61067	4.8810E+00
0.61090	4.8889E+00
0.61113	4.8968E+00
0.61136	4.9048E+00
0.61159	4.9127E+00
0.61182	4.9206E+00
0.61205	4.9286E+00
0.61228	4.9365E+00
0.61251	4.9444E+00
0.61274	4.9524E+00
0.61297	4.9593E+00
0.61320	4.9661E+00
0.61343	4.9730E+00
0.61366	4.9799E+00
0.61389	4.9868E+00
0.61412	4.9926E+00
0.61435	4.9984E+00
0.61458	5.0042E+00
0.61481	5.0101E+00
0.61504	5.0148E+00
0.61527	5.0196E+00
0.61550	5.0233E+00
0.61573	5.0270E+00
0.61596	5.0307E+00
0.61619	5.0333E+00
0.61642	5.0370E+00
0.61666	5.0397E+00
0.61689	5.0423E+00
0.61712	5.0439E+00
0.61735	5.0455E+00
0.61758	5.0481E+00
0.61781	5.0497E+00
0.61804	5.0513E+00
0.61827	5.0519E+00
0.61850	5.0534E+00
0.61873	5.0540E+00
0.61896	5.0556E+00
0.61919	5.0561E+00
0.61942	5.0566E+00
0.61965	5.0571E+00
0.61988	5.0577E+00
0.62011	5.0582E+00
0.62034	5.0587E+00
0.62057	5.0593E+00
0.62080	5.0587E+00
0.62103	5.0582E+00
0.62126	5.0577E+00
0.62149	5.0571E+00
0.62172	5.0566E+00
0.62195	5.0561E+00
0.62219	5.0556E+00
0.62242	5.0540E+00
0.62265	5.0534E+00
0.62288	5.0519E+00
0.62311	5.0503E+00
0.62334	5.0487E+00
0.62357	5.0471E+00
0.62380	5.0455E+00
0.62403	5.0439E+00
0.62426	5.0423E+00
0.62449	5.0397E+00
0.62472	5.0381E+00
0.62495	5.0354E+00
0.62518	5.0339E+00
0.62541	5.0312E+00
0.62565	5.0286E+00
0.62588	5.0270E+00
0.62611	5.0243E+00
0.62634	5.0217E+00
0.62657	5.0201E+00
0.62680	5.0175E+00
0.62703	5.0148E+00
0.62726	5.0122E+00
0.62749	5.0095E+00
0.62772	5.0069E+00
0.62795	5.0042E+00
0.62818	5.0016E+00
0.62842	4.9989E+00
0.62865	4.9952E+00
0.62888	4.9926E+00
0.62911	4.9899E+00
0.62934	4.9862E+00
0.62957	4.9836E+00
0.62980	4.9810E+00
0.63003	4.9772E+00
0.63026	4.9746E+00
0.63049	4.9720E+00
0.63072	4.9683E+00
0.63096	4.9656E+00
0.63119	4.9630E+00
0.63142	4.9603E+00
0.63165	4.9577E+00
0.63188	4.9550E+00
0.63211	4.9524E+00
0.63234	4.9497E+00
0.63257	4.9471E+00
0.63280	4.9444E+00
0.63304	4.9407E+00
0.63327	4.9381E+00
0.63350	4.9354E+00
0.63373	4.9317E+00
0.63396	4.9291E+00
0.63419	4.9265E+00
0.63442	4.9228E+00
0.63465	4.9201E+00
0.63488	4.9175E+00
0.63512	4.9138E+00
0.63535	4.9101E+00
0.63558	4.9074E+00
0.63581	4.9037E+00
0.63604	4.9000E+00
0.63627	4.8974E+00
0.63650	4.8947E+00
0.63673	4.8910E+00
0.63697	4.8873E+00
0.63720	4.8847E+00
0.63743	4.8810E+00
0.63766	4.8772E+00
0.63789	4.8735E+00
0.63812	4.8698E+00
0.63835	4.8661E+00
0.63859	4.8624E+00
0.63882	4.8587E+00
0.63905	4.8550E+00
0.63928	4.8513E+00
0.63951	4.8476E+00
0.63974	4.8439E+00
0.63997	4.8402E+00
0.64021	4.8365E+00
0.64044	4.8328E+00
0.64067	4.8291E+00
0.64090	4.8254E+00
0.64113	4.8217E+00
0.64136	4.8180E+00
0.64159	4.8143E+00
0.64183	4.8106E+00
0.64206	4.8069E+00
0.64229	4.8042E+00
0.64252	4.8005E+00
0.64275	4.7968E+00
0.64298	4.7942E+00
0.64322	4.7905E+00
0.64345	4.7868E+00
0.64368	4.7831E+00
0.64391	4.7804E+00
0.64414	4.7767E+00
0.64437	4.7730E+00
0.64461	4.7704E+00
0.64484	4.7677E+00
0.64507	4.7640E+00
0.64530	4.7614E+00
0.64553	4.7587E+00
0.64576	4.7550E+00
0.64600	4.7524E+00
0.64623	4.7497E+00
0.64646	4.7460E+00
0.64669	4.7423E+00
0.64692	4.7397E+00
0.64716	4.7370E+00
0.64739	4.7344E+00
0.64762	4.7317E+00
0.64785	4.7291E+00
0.64808	4.7265E+00
0.64831	4.7238E+00
0.64855	4.7212E+00
0.64878	4.7185E+00
0.64901	4.7159E+00
0.64924	4.7132E+00
0.64947	4.7106E+00
0.64971	4.7079E+00
0.64994	4.7063E+00
0.65017	4.7048E+00
0.65040	4.7021E+00
0.65063	4.7005E+00
0.65087	4.6979E+00
0.65110	4.6963E+00
0.65133	4.6947E+00
0.65156	4.6931E+00
0.65179	4.6915E+00
0.65203	4.6910E+00
0.65226	4.6894E+00
0.65249	4.6889E+00
0.65272	4.6884E+00
0.65295	4.6878E+00
0.65319	4.6884E+00
0.65342	4.6878E+00
0.65365	4.6884E+00
0.65388	4.6899E+00
0.65412	4.6905E+00
0.65435	4.6921E+00
0.65458	4.6937E+00
0.65481	4.6952E+00
0.65504	4.6968E+00
0.65528	4.6995E+00
0.65551	4.7021E+00
0.65574	4.7058E+00
0.65597	4.7085E+00
0.65621	4.7122E+00
0.65644	4.7159E+00
0.65667	4.7196E+00
0.65690	4.7243E+00
0.65713	4.7291E+00
0.65737	4.7339E+00
0.65760	4.7397E+00
0.65783	4.7455E+00
0.65806	4.7513E+00
0.65830	4.7593E+00
0.65853	4.7672E+00
0.65876	4.7751E+00
0.65899	4.7831E+00
0.65923	4.7910E+00
0.65946	4.8000E+00
0.65969	4.8101E+00
0.65992	4.8201E+00
0.66016	4.8302E+00
0.66039	4.8413E+00
0.66062	4.8524E+00
0.66085	4.8646E+00
0.66109	4.8767E+00
0.66132	4.8889E+00
0.66155	4.9021E+00
0.66178	4.9143E+00
0.66202	4.9275E+00
0.66225	4.9407E+00
0.66248	4.9550E+00
0.66271	4.9693E+00
0.66295	4.9847E+00
0.66318	4.9989E+00
0.66341	5.0143E+00
0.66364	5.0296E+00
0.66388	5.0450E+00
0.66411	5.0603E+00
0.66434	5.0757E+00
0.66458	5.0910E+00
0.66481	5.1074E+00
0.66504	5.1228E+00
0.66527	5.1392E+00
0.66551	5.1545E+00
0.66574	5.1709E+00
0.66597	5.1862E+00
0.66620	5.2016E+00
0.66644	5.2169E+00
0.66667	5.2323E+00
0.66690	5.2466E+00
0.66714	5.2608E+00
0.66737	5.2751E+00
0.66760	5.2894E+00
0.66783	5.3026E+00
0.66807	5.3159E+00
0.66830	5.3280E+00
0.66853	5.3402E+00
0.66877	5.3513E+00
0.66900	5.3624E+00
0.66923	5.3725E+00
0.66946	5.3825E+00
0.66970	5.3926E+00
0.66993	5.4005E+00
0.67016	5.4085E+00
0.67040	5.4164E+00
0.67063	5.4243E+00
0.67086	5.4312E+00
0.67109	5.4370E+00
0.67133	5.4429E+00
0.67156	5.4487E+00
0.67179	5.4534E+00
0.67203	5.4582E+00
0.67226	5.4619E+00
0.67249	5.4656E+00
0.67273	5.4683E+00
0.67296	5.4709E+00
0.67319	5.4725E+00
0.67343	5.4751E+00
0.67366	5.4767E+00
0.67389	5.4783E+00
0.67412	5.4788E+00
0.67436	5.4783E+00
0.67459	5.4788E+00
0.67482	5.4783E+00
0.67506	5.4767E+00
0.67529	5.4762E+00
0.67552	5.4746E+00
0.67576	5.4730E+00
0.67599	5.4704E+00
0.67622	5.4677E+00
0.67646	5.4651E+00
0.67669	5.4624E+00
0.67692	5.4587E+00
0.67716	5.4550E+00
0.67739	5.4503E+00
0.67762	5.4455E+00
0.67786	5.4407E+00
0.67809	5.4349E+00
0.67832	5.4291E+00
0.67856	5.4233E+00
0.67879	5.4164E+00
0.67902	5.4095E+00
0.67926	5.4026E+00
0.67949	5.3958E+00
0.67972	5.3889E+00
0.67996	5.3810E+00
0.68019	5.3730E+00
0.68042	5.3651E+00
0.68066	5.3571E+00
0.68089	5.3492E+00
0.68112	5.3413E+00
0.68136	5.3333E+00
0.68159	5.3254E+00
0.68182	5.3175E+00
0.68206	5.3095E+00
0.68229	5.3016E+00
0.68253	5.2937E+00
0.68276	5.2857E+00
0.68299	5.2778E+00
0.68323	5.2698E+00
0.68346	5.2619E+00
0.68369	5.2540E+00
0.68393	5.2460E+00
0.68416	5.2381E+00
0.68439	5.2302E+00
0.68463	5.2222E+00
0.68486	5.2143E+00
0.68509	5.2063E+00
0.68533	5.1984E+00
0.68556	5.1905E+00
0.68580	5.1825E+00
0.68603	5.1746E+00
0.68626	5.1677E+00
0.68650	5.1608E+00
0.68673	5.1540E+00
0.68696	5.1471E+00
0.68720	5.1402E+00
0.68743	5.1333E+00
0.68767	5.1265E+00
0.68790	5.1196E+00
0.68813	5.1127E+00
0.68837	5.1069E+00
0.68860	5.1011E+00
0.68883	5.0952E+00
0.68907	5.0894E+00
0.68930	5.0836E+00
0.68954	5.0778E+00
0.68977	5.0709E+00
0.69000	5.0651E+00
0.69024	5.0593E+00
0.69047	5.0534E+00
0.69071	5.0476E+00
0.69094	5.0418E+00
0.69117	5.0370E+00
0.69141	5.0323E+00
0.69164	5.0275E+00
0.69188	5.0217E+00
0.69211	5.0169E+00
0.69234	5.0122E+00
0.69258	5.0074E+00
0.69281	5.0026E+00
0.69305	4.9989E+00
0.69328	4.9952E+00
0.69351	4.9905E+00
0.69375	4.9857E+00
0.69398	4.9820E+00
0.69422	4.9783E+00
0.69445	4.9746E+00
0.69468	4.9709E+00
0.69492	4.9672E+00
0.69515	4.9635E+00
0.69539	4.9608E+00
0.69562	4.9571E+00
0.69586	4.9534E+00
0.69609	4.9508E+00
0.69632	4.9481E+00
0.69656	4.9444E+00
0.69679	4.9418E+00
0.69703	4.9392E+00
0.69726	4.9365E+00
0.69749	4.9339E+00
0.69773	4.9312E+00
0.69796	4.9286E+00
0.69820	4.9259E+00
0.69843	4.9233E+00
0.69867	4.9206E+00
0.69890	4.9180E+00
0.69914	4.9153E+00
0.69937	4.9138E+00
0.69960	4.9111E+00
0.69984	4.9085E+00
0.70007	4.9069E+00
0.70031	4.9042E+00
0.70054	4.9016E+00
0.70078	4.9000E+00
0.70101	4.8974E+00
0.70124	4.8958E+00
0.70148	4.8942E+00
0.70171	4.8926E+00
0.70195	4.8910E+00
0.70218	4.8894E+00
0.70242	4.8878E+00
0.70265	4.8862E+00
0.70289	4.8847E+00
0.70312	4.8831E+00
0.70335	4.8825E+00
0.70359	4.8810E+00
0.70382	4.8804E+00
0.70406	4.8799E+00
0.70429	4.8783E+00
0.70453	4.8778E+00
0.70476	4.8762E+00
0.70500	4.8757E+00
0.70523	4.8741E+00
0.70547	4.8735E+00
0.70570	4.8730E+00
0.70593	4.8725E+00
0.70617	4.8720E+00
0.70640	4.8714E+00
0.70664	4.8709E+00
0.70687	4.8704E+00
0.70711	4.8698E+00
0.70734	4.8693E+00
0.70758	4.8688E+00
0.70781	4.8693E+00
0.70805	4.8688E+00
0.70828	4.8693E+00
0.70852	4.8688E+00
0.70875	4.8683E+00
0.70899	4.8677E+00
0.70922	4.8672E+00
0.70946	4.8667E+00
0.70969	4.8661E+00
0.70993	4.8656E+00
0.71016	4.8651E+00
0.71040	4.8646E+00
0.71063	4.8640E+00
0.71086	4.8635E+00
0.71110	4.8630E+00
0.71133	4.8624E+00
0.71157	4.8619E+00
0.71180	4.8614E+00
0.71204	4.8608E+00
0.71227	4.8614E+00
0.71251	4.8608E+00
0.71274	4.8603E+00
0.71298	4.8598E+00
0.71321	4.8593E+00
0.71345	4.8587E+00
0.71368	4.8582E+00
0.71392	4.8577E+00
0.71415	4.8571E+00
0.71439	4.8566E+00
0.71462	4.8561E+00
0.71486	4.8556E+00
0.71509	4.8550E+00
0.71533	4.8545E+00
0.71556	4.8540E+00
0.71580	4.8524E+00
0.71603	4.8519E+00
0.71627	4.8513E+00
0.71650	4.8508E+00
0.71674	4.8513E+00
0.71698	4.8508E+00
0.71721	4.8513E+00
0.71745	4.8508E+00
0.71768	4.8503E+00
0.71792	4.8497E+00
0.71815	4.8492E+00
0.71839	4.8487E+00
0.71862	4.8481E+00
0.71886	4.8476E+00
0.71909	4.8471E+00
0.71933	4.8476E+00
0.71956	4.8471E+00
0.71980	4.8476E+00
0.72003	4.8471E+00
0.72027	4.8466E+00
0.72050	4.8460E+00
0.72074	4.8455E+00
0.72097	4.8460E+00
0.72121	4.8466E+00
0.72144	4.8471E+00
0.72168	4.8476E+00
0.72192	4.8481E+00
0.72215	4.8487E+00
0.72239	4.8492E+00
0.72262	4.8497E+00
0.72286	4.8503E+00
0.72309	4.8508E+00
0.72333	4.8513E+00
0.72356	4.8529E+00
0.72380	4.8534E+00
0.72403	4.8550E+00
0.72427	4.8556E+00
0.72451	4.8561E+00
0.72474	4.8566E+00
0.72498	4.8571E+00
0.72521	4.8577E+00
0.72545	4.8582E+00
0.72568	4.8587E+00
0.72592	4.8593E+00
0.72615	4.8598E+00
0.72639	4.8603E+00
0.72662	4.8619E+00
0.72686	4.8624E+00
0.72710	4.8630E+00
0.72733	4.8635E+00
0.72757	4.8640E+00
0.72780	4.8646E+00
0.72804	4.8651E+00
0.72827	4.8656E+00
0.72851	4.8661E+00
0.72875	4.8677E+00
0.72898	4.8683E+00
0.72922	4.8688E+00
0.72945	4.8693E+00
0.72969	4.8698E+00
0.72992	4.8704E+00
0.73016	4.8698E+00
0.73040	4.8704E+00
0.73063	4.8698E+00
0.73087	4.8704E+00
0.73110	4.8698E+00
0.73134	4.8704E+00
0.73157	4.8698E+00
0.73181	4.8704E+00
0.73205	4.8709E+00
0.73228	4.8704E+00
0.73252	4.8709E+00
0.73275	4.8714E+00
0.73299	4.8720E+00
0.73322	4.8725E+00
0.73346	4.8730E+00
0.73370	4.8735E+00
0.73393	4.8741E+00
0.73417	4.8746E+00
0.73440	4.8751E+00
0.73464	4.8757E+00
0.73488	4.8762E+00
0.73511	4.8767E+00
0.73535	4.8772E+00
0.73558	4.8767E+00
0.73582	4.8772E+00
0.73606	4.8767E+00
0.73629	4.8772E+00
0.73653	4.8778E+00
0.73676	4.8783E+00
0.73700	4.8788E+00
0.73724	4.8794E+00
0.73747	4.8799E+00
0.73771	4.8804E+00
0.73794	4.8810E+00
0.73818	4.8815E+00
0.73842	4.8820E+00
0.73865	4.8825E+00
0.73889	4.8831E+00
0.73913	4.8836E+00
0.73936	4.8841E+00
0.73960	4.8857E+00
0.73983	4.8862E+00
0.74007	4.8868E+00
0.74031	4.8873E+00
0.74054	4.8878E+00
0.74078	4.8884E+00
0.74101	4.8889E+00
0.74125	4.8894E+00
0.74149	4.8899E+00
0.74172	4.8915E+00
0.74196	4.8921E+00
0.74220	4.8926E+00
0.74243	4.8931E+00
0.74267	4.8937E+00
0.74290	4.8942E+00
0.74314	4.8937E+00
0.74338	4.8942E+00
0.74361	4.8937E+00
0.74385	4.8942E+00
0.74409	4.8937E+00
0.74432	4.8942E+00
0.74456	4.8937E+00
0.74480	4.8942E+00
0.74503	4.8937E+00
0.74527	4.8931E+00
0.74550	4.8926E+00
0.74574	4.8931E+00
0.74598	4.8926E+00
0.74621	4.8931E+00
0.74645	4.8926E+00
0.74669	4.8931E+00
0.74692	4.8926E+00
0.74716	4.8931E+00
0.74740	4.8926E+00
0.74763	4.8931E+00
0.74787	4.8926E+00
0.74811	4.8931E+00
0.74834	4.8926E+00
0.74858	4.8931E+00
0.74882	4.8926E+00
0.74905	4.8931E+00
0.74929	4.8926E+00
0.74952	4.8931E+00
0.74976	4.8926E+00
0.75000	4.8931E+00
0.75023	4.8926E+00
0.75047	4.8931E+00
0.75071	4.8926E+00
0.75094	4.8931E+00
0.75118	4.8926E+00
0.75142	4.8931E+00
0.75165	4.8926E+00
0.75189	4.8931E+00
0.75213	4.8926E+00
0.75236	4.8931E+00
0.75260	4.8926E+00
0.75284	4.8931E+00
0.75307	4.8926E+00
0.75331	4.8931E+00
0.75355	4.8926E+00
0.75379	4.8931E+00
0.75402	4.8937E+00
0.75426	4.8942E+00
0.75450	4.8947E+00
0.75473	4.8952E+00
0.75497	4.8947E+00
0.75521	4.8952E+00
0.75544	4.8947E+00
0.75568	4.8952E+00
0.75592	4.8958E+00
0.75615	4.8963E+00
0.75639	4.8968E+00
0.75663	4.8974E+00
0.75686	4.8979E+00
0.75710	4.8984E+00
0.75734	4.8989E+00
0.75757	4.8984E+00
0.75781	4.8979E+00
0.75805	4.8974E+00
0.75829	4.8968E+00
0.75852	4.8974E+00
0.75876	4.8968E+00
0.75900	4.8974E+00
0.75923	4.8968E+00
0.75947	4.8952E+00
0.75971	4.8947E+00
0.75994	4.8931E+00
0.76018	4.8926E+00
0.76042	4.8910E+00
0.76066	4.8905E+00
0.76089	4.8889E+00
0.76113	4.8884E+00
0.76137	4.8878E+00
0.76160	4.8862E+00
0.76184	4.8857E+00
0.76208	4.8852E+00
0.76232	4.8847E+00
0.76255	4.8841E+00
0.76279	4.8836E+00
0.76303	4.8841E+00
0.76326	4.8836E+00
0.76350	4.8831E+00
0.76374	4.8825E+00
0.76398	4.8820E+00
0.76421	4.8815E+00
0.76445	4.8810E+00
0.76469	4.8804E+00
0.76492	4.8799E+00
0.76516	4.8804E+00
0.76540	4.8799E+00
0.76564	4.8794E+00
0.76587	4.8788E+00
0.76611	4.8783E+00
0.76635	4.8778E+00
0.76658	4.8772E+00
0.76682	4.8767E+00
0.76706	4.8772E+00
0.76730	4.8767E+00
0.76753	4.8772E+00
0.76777	4.8767E+00
0.76801	4.8772E+00
0.76825	4.8767E+00
0.76848	4.8772E+00
0.76872	4.8767E+00
0.76896	4.8772E+00
0.76920	4.8767E+00
0.76943	4.8762E+00
0.76967	4.8757E+00
0.76991	4.8751E+00
0.77015	4.8746E+00
0.77038	4.8741E+00
0.77062	4.8735E+00
0.77086	4.8730E+00
0.77110	4.8714E+00
0.77133	4.8709E+00
0.77157	4.8693E+00
0.77181	4.8688E+00
0.77205	4.8672E+00
0.77228	4.8667E+00
0.77252	4.8651E+00
0.77276	4.8646E+00
0.77300	4.8640E+00
0.77323	4.8624E+00
0.77347	4.8619E+00
0.77371	4.8603E+00
0.77395	4.8598E+00
0.77418	4.8582E+00
0.77442	4.8577E+00
0.77466	4.8571E+00
0.77490	4.8566E+00
0.77513	4.8561E+00
0.77537	4.8545E+00
0.77561	4.8540E+00
0.77585	4.8524E+00
0.77609	4.8519E+00
0.77632	4.8503E+00
0.77656	4.8497E+00
0.77680	4.8492E+00
0.77704	4.8487E+00
0.77727	4.8481E+00
0.77751	4.8476E+00
0.77775	4.8471E+00
0.77799	4.8455E+00
0.77823	4.8450E+00
0.77846	4.8434E+00
0.77870	4.8429E+00
0.77894	4.8423E+00
0.77918	4.8418E+00
0.77941	4.8413E+00
0.77965	4.8407E+00
0.77989	4.8402E+00
0.78013	4.8397E+00
0.78037	4.8392E+00
0.78060	4.8386E+00
0.78084	4.8381E+00
0.78108	4.8365E+00
0.78132	4.8360E+00
0.78156	4.8354E+00
0.78179	4.8339E+00
0.78203	4.8333E+00
0.78227	4.8317E+00
0.78251	4.8312E+00
0.78274	4.8296E+00
0.78298	4.8291E+00
0.78322	4.8275E+00
0.78346	4.8270E+00
0.78370	4.8254E+00
0.78393	4.8249E+00
0.78417	4.8233E+00
0.78441	4.8228E+00
0.78465	4.8222E+00
0.78489	4.8206E+00
0.78513	4.8201E+00
0.78536	4.8196E+00
0.78560	4.8190E+00
0.78584	4.8185E+00
0.78608	4.8180E+00
0.78632	4.8175E+00
0.78655	4.8169E+00
0.78679	4.8164E+00
0.78703	4.8159E+00
0.78727	4.8153E+00
0.78751	4.8138E+00
0.78774	4.8132E+00
0.78798	4.8116E+00
0.78822	4.8101E+00
0.78846	4.8095E+00
0.78870	4.8090E+00
0.78894	4.8085E+00
0.78917	4.8069E+00
0.78941	4.8063E+00
0.78965	4.8048E+00
0.78989	4.8032E+00
0.79013	4.8016E+00
0.79037	4.8000E+00
0.79060	4.7984E+00
0.79084	4.7968E+00
0.79108	4.7952E+00
0.79132	4.7937E+00
0.79156	4.7921E+00
0.79179	4.7915E+00
0.79203	4.7899E+00
0.79227	4.7873E+00
0.79251	4.7857E+00
0.79275	4.7841E+00
0.79299	4.7825E+00
0.79323	4.7810E+00
0.79346	4.7794E+00
0.79370	4.7767E+00
0.79394	4.7751E+00
0.79418	4.7725E+00
0.79442	4.7698E+00
0.79466	4.7683E+00
0.79489	4.7656E+00
0.79513	4.7640E+00
0.79537	4.7614E+00
0.79561	4.7587E+00
0.79585	4.7571E+00
0.79609	4.7545E+00
0.79633	4.7519E+00
0.79656	4.7492E+00
0.79680	4.7466E+00
0.79704	4.7450E+00
0.79728	4.7434E+00
0.79752	4.7407E+00
0.79776	4.7392E+00
0.79800	4.7376E+00
0.79823	4.7360E+00
0.79847	4.7344E+00
0.79871	4.7317E+00
0.79895	4.7291E+00
0.79919	4.7275E+00
0.79943	4.7249E+00
0.79967	4.7233E+00
0.79990	4.7217E+00
0.80014	4.7190E+00
0.80038	4.7175E+00
0.80062	4.7148E+00
0.80086	4.7132E+00
0.80110	4.7116E+00
0.80134	4.7101E+00
0.80158	4.7085E+00
0.80181	4.7058E+00
0.80205	4.7042E+00
0.80229	4.7026E+00
0.80253	4.7021E+00
0.80277	4.7005E+00
0.80301	4.7000E+00
0.80325	4.6984E+00
0.80349	4.6968E+00
0.80372	4.6963E+00
0.80396	4.6947E+00
0.80420	4.6942E+00
0.80444	4.6926E+00
0.80468	4.6910E+00
0.80492	4.6894E+00
0.80516	4.6878E+00
0.80540	4.6873E+00
0.80564	4.6857E+00
0.80587	4.6841E+00
0.80611	4.6825E+00
0.80635	4.6810E+00
0.80659	4.6794E+00
0.80683	4.6778E+00
0.80707	4.6762E+00
0.80731	4.6735E+00
0.80755	4.6720E+00
0.80779	4.6704E+00
0.80802	4.6688E+00
0.80826	4.6672E+00
0.80850	4.6656E+00
0.80874	4.6640E+00
0.80898	4.6624E+00
0.80922	4.6608E+00
0.80946	4.6593E+00
0.80970	4.6577E+00
0.80994	4.6561E+00
0.81018	4.6534E+00
0.81042	4.6519E+00
0.81065	4.6503E+00
0.81089	4.6497E+00
0.81113	4.6481E+00
0.81137	4.6455E+00
0.81161	4.6439E+00
0.81185	4.6423E+00
0.81209	4.6407E+00
0.81233	4.6392E+00
0.81257	4.6365E+00
0.81281	4.6349E+00
0.81305	4.6333E+00
0.81329	4.6317E+00
0.81352	4.6302E+00
0.81376	4.6286E+00
0.81400	4.6270E+00
0.81424	4.6254E+00
0.81448	4.6228E+00
0.81472	4.6212E+00
0.81496	4.6196E+00
0.81520	4.6169E+00
0.81544	4.6153E+00
0.81568	4.6127E+00
0.81592	4.6101E+00
0.81616	4.6074E+00
0.81640	4.6048E+00
0.81664	4.6021E+00
0.81687	4.5984E+00
0.81711	4.5947E+00
0.81735	4.5910E+00
0.81759	4.5873E+00
0.81783	4.5836E+00
0.81807	4.5810E+00
0.81831	4.5772E+00
0.81855	4.5746E+00
0.81879	4.5720E+00
0.81903	4.5683E+00
0.81927	4.5656E+00
0.81951	4.5630E+00
0.81975	4.5603E+00
0.81999	4.5577E+00
0.82023	4.5550E+00
0.82047	4.5524E+00
0.82071	4.5497E+00
0.82094	4.5471E+00
0.82118	4.5444E+00
0.82142	4.5418E+00
0.82166	4.5392E+00
0.82190	4.5365E+00
0.82214	4.5339E+00
0.82238	4.5312E+00
0.82262	4.5296E+00
0.82286	4.5270E+00
0.82310	4.5243E+00
0.82334	4.5228E+00
0.82358	4.5212E+00
0.82382	4.5196E+00
0.82406	4.5190E+00
0.82430	4.5185E+00
0.82454	4.5190E+00
0.82478	4.5185E+00
0.82502	4.5190E+00
0.82526	4.5185E+00
0.82550	4.5180E+00
0.82574	4.5164E+00
0.82598	4.5148E+00
0.82622	4.5122E+00
0.82646	4.5106E+00
0.82670	4.5090E+00
0.82694	4.5063E+00
0.82718	4.5037E+00
0.82741	4.5011E+00
0.82765	4.4984E+00
0.82789	4.4958E+00
0.82813	4.4931E+00
0.82837	4.4905E+00
0.82861	4.4868E+00
0.82885	4.4831E+00
0.82909	4.4804E+00
0.82933	4.4778E+00
0.82957	4.4762E+00
0.82981	4.4746E+00
0.83005	4.4730E+00
0.83029	4.4714E+00
0.83053	4.4698E+00
0.83077	4.4672E+00
0.83101	4.4646E+00
0.83125	4.4608E+00
0.83149	4.4582E+00
0.83173	4.4556E+00
0.83197	4.4529E+00
0.83221	4.4503E+00
0.83245	4.4476E+00
0.83269	4.4450E+00
0.83293	4.4423E+00
0.83317	4.4397E+00
0.83341	4.4370E+00
0.83365	4.4344E+00
0.83389	4.4317E+00
0.83413	4.4302E+00
0.83437	4.4286E+00
0.83461	4.4280E+00
0.83485	4.4275E+00
0.83509	4.4270E+00
0.83533	4.4254E+00
0.83557	4.4249E+00
0.83581	4.4243E+00
0.83605	4.4249E+00
0.83629	4.4243E+00
0.83653	4.4238E+00
0.83677	4.4233E+00
0.83701	4.4228E+00
0.83725	4.4222E+00
0.83749	4.4217E+00
0.83773	4.4201E+00
0.83797	4.4185E+00
0.83821	4.4169E+00
0.83845	4.4164E+00
0.83869	4.4148E+00
0.83893	4.4143E+00
0.83917	4.4127E+00
0.83941	4.4111E+00
0.83965	4.4085E+00
0.83989	4.4069E+00
0.84013	4.4053E+00
0.84037	4.4037E+00
0.84062	4.4032E+00
0.84086	4.4016E+00
0.84110	4.4000E+00
0.84134	4.3984E+00
0.84158	4.3968E+00
0.84182	4.3952E+00
0.84206	4.3926E+00
0.84230	4.3910E+00
0.84254	4.3884E+00
0.84278	4.3857E+00
0.84302	4.3841E+00
0.84326	4.3825E+00
0.84350	4.3799E+00
0.84374	4.3772E+00
0.84398	4.3735E+00
0.84422	4.3688E+00
0.84446	4.3640E+00
0.84470	4.3593E+00
0.84494	4.3556E+00
0.84518	4.3519E+00
0.84542	4.3471E+00
0.84566	4.3434E+00
0.84590	4.3386E+00
0.84614	4.3339E+00
0.84638	4.3302E+00
0.84662	4.3265E+00
0.84686	4.3228E+00
0.84711	4.3190E+00
0.84735	4.3164E+00
0.84759	4.3138E+00
0.84783	4.3122E+00
0.84807	4.3106E+00
0.84831	4.3090E+00
0.84855	4.3063E+00
0.84879	4.3058E+00
0.84903	4.3053E+00
0.84927	4.3037E+00
0.84951	4.3032E+00
0.84975	4.3016E+00
0.84999	4.3000E+00
0.85023	4.2974E+00
0.85047	4.2947E+00
0.85071	4.2921E+00
0.85095	4.2894E+00
0.85120	4.2878E+00
0.85144	4.2852E+00
0.85168	4.2836E+00
0.85192	4.2831E+00
0.85216	4.2836E+00
0.85240	4.2820E+00
0.85264	4.2815E+00
0.85288	4.2810E+00
0.85312	4.2804E+00
0.85336	4.2799E+00
0.85360	4.2783E+00
0.85384	4.2778E+00
0.85408	4.2762E+00
0.85432	4.2746E+00
0.85457	4.2730E+00
0.85481	4.2735E+00
0.85505	4.2762E+00
0.85529	4.2894E+00
0.85553	4.2894E+00
0.85577	4.2893E+00
0.85601	4.2892E+00
0.85625	4.2959E+00
0.85649	4.3111E+00
0.85673	4.3571E+00
0.85697	4.4762E+00